Time,x,y,z,rx,ry,rz,rw,Released,xt,yt,zt
0.0,-0.19424790143966675,-0.012326672673225403,-0.04672753065824509,-0.03462957218289375,0.8733071684837341,0.07709231227636337,0.7532662153244019,-0.0014744214713573456,-3.186517595068508,-0.07507635132716589,-0.2824455629760733
0.01,-0.08698371052742004,-0.07885055243968964,0.10930521041154861,-0.1515025943517685,0.6357352137565613,-0.08561614155769348,0.6283849477767944,0.0809062272310257,-3.186517595068508,-0.07507635132716589,-0.2824455629760733
0.02,-0.21212872862815857,-0.1255107969045639,-0.029942363500595093,-0.061354029923677444,0.7305837869644165,0.0017374649178236723,0.5914502739906311,0.3442912995815277,-3.186517595068508,-0.07507635132716589,-0.2824455629760733
0.03,-0.2816588580608368,-0.015941403806209564,-0.04501485824584961,-0.1817673295736313,0.8521681427955627,0.07966187596321106,0.7402278780937195,1.1442927122116089,-3.186517595068508,-0.07507635132716589,-0.2824455629760733
0.04,-0.11204762756824493,0.002414017915725708,0.012147394940257072,-0.14728426933288574,0.5515149235725403,0.2849190831184387,0.7098461389541626,0.9979208111763,-3.186517595068508,-0.07507635132716589,-0.2824455629760733
0.05,-0.25427669286727905,-0.0034118443727493286,0.05757225304841995,-0.2344609946012497,0.6869388222694397,0.35022619366645813,0.5901504755020142,0.8483684659004211,-3.186517595068508,-0.07507635132716589,-0.2824455629760733
0.06,-0.21884870529174805,0.010984040796756744,-0.0015188753604888916,-0.22409681975841522,0.71340012550354,0.3422488570213318,0.6228023767471313,0.963400661945343,-3.186517595068508,-0.07507635132716589,-0.2824455629760733
0.07,-0.2329065203666687,0.005140416324138641,0.05315833538770676,-0.1995922029018402,0.6702893376350403,0.3395325839519501,0.6324581503868103,0.9488019943237305,-3.186517595068508,-0.07507635132716589,-0.2824455629760733
0.08,-0.24428123235702515,0.007401779294013977,0.03827366232872009,-0.22003497183322906,0.7035502791404724,0.34472358226776123,0.6061112284660339,0.9261924028396606,-3.186517595068508,-0.07507635132716589,-0.2824455629760733
0.09,-0.25087130069732666,0.009134754538536072,0.049983911216259,-0.20162856578826904,0.6972509622573853,0.3369487226009369,0.6126113533973694,0.9465140700340271,-3.186517595068508,-0.07507635132716589,-0.2824455629760733
0.1,-0.2604321539402008,0.008541740477085114,0.054645586758852005,-0.20294149219989777,0.7050553560256958,0.33139097690582275,0.6036158204078674,0.9419843554496765,-3.186517595068508,-0.07507635132716589,-0.2824455629760733
0.11,-0.2687646746635437,0.008999370038509369,0.06040897220373154,-0.1958329677581787,0.7081174254417419,0.3264310359954834,0.5992676019668579,0.9470472931861877,-3.186517595068508,-0.07507635132716589,-0.2824455629760733
0.12,-0.27836328744888306,0.009435929358005524,0.06668280065059662,-0.19144760072231293,0.7132925391197205,0.3205052614212036,0.594123363494873,0.9503765106201172,-3.186517595068508,-0.07507635132716589,-0.2824455629760733
0.13,-0.2876627743244171,0.009450025856494904,0.07281579822301865,-0.18676979839801788,0.7177898287773132,0.3147547245025635,0.589063823223114,0.9545229077339172,-3.186517595068508,-0.07507635132716589,-0.2824455629760733
0.14,-0.29750004410743713,0.010020129382610321,0.07948198914527893,-0.18265117704868317,0.7229730486869812,0.30945706367492676,0.5842307806015015,0.9586833119392395,-3.186517595068508,-0.07507635132716589,-0.2824455629760733
0.15,-0.3067980110645294,0.010361935943365097,0.08570805191993713,-0.17838777601718903,0.727652370929718,0.30380767583847046,0.5792867541313171,0.9626962542533875,-3.186517595068508,-0.07507635132716589,-0.2824455629760733
0.16,-0.31615933775901794,0.01051853597164154,0.09206802397966385,-0.17397677898406982,0.7321569323539734,0.29813313484191895,0.5745137929916382,0.9667951464653015,-3.186517595068508,-0.07507635132716589,-0.2824455629760733
0.17,-0.32604995369911194,0.010899588465690613,0.09866093099117279,-0.1698206663131714,0.7373188138008118,0.2926178574562073,0.5696768760681152,0.971522867679596,-3.186517595068508,-0.07507635132716589,-0.2824455629760733
0.18,-0.3356814384460449,0.01137583702802658,0.10517418384552002,-0.16563773155212402,0.7428064942359924,0.28682777285575867,0.5656245350837708,0.9771340489387512,-3.186517595068508,-0.07507635132716589,-0.2824455629760733
0.19,-0.3449578881263733,0.011750437319278717,0.1111857146024704,-0.16147534549236298,0.7482370734214783,0.28092366456985474,0.561811089515686,0.9832202792167664,-3.186517595068508,-0.07507635132716589,-0.2824455629760733
0.2,-0.3542138338088989,0.012153424322605133,0.11714845895767212,-0.15727676451206207,0.7536835074424744,0.2750866711139679,0.5583846569061279,0.989314615726471,-3.186517595068508,-0.07507635132716589,-0.2824455629760733
0.21,-0.36406680941581726,0.01256408542394638,0.12315940111875534,-0.15324248373508453,0.7593302130699158,0.26901453733444214,0.5552046298980713,0.9960010647773743,-3.186517595068508,-0.07507635132716589,-0.2824455629760733
0.22,-0.37370598316192627,0.012956224381923676,0.12947633862495422,-0.1488194614648819,0.7646024823188782,0.26326489448547363,0.55180424451828,1.002541422843933,-3.186517595068508,-0.07507635132716589,-0.2824455629760733
0.23,-0.3835504949092865,0.013083882629871368,0.13655808568000793,-0.1441231518983841,0.7701277136802673,0.25743401050567627,0.5481947064399719,1.0077801942825317,-3.186517595068508,-0.07507635132716589,-0.2824455629760733
0.24,-0.3937314450740814,0.01353989914059639,0.14362405240535736,-0.13989125192165375,0.775738537311554,0.2511865496635437,0.5443096160888672,1.0128698348999023,-3.186517595068508,-0.07507635132716589,-0.2824455629760733
0.25,-0.4047218859195709,0.013863041996955872,0.15336087346076965,-0.13504889607429504,0.7803589701652527,0.24559330940246582,0.5390596389770508,1.0149562358856201,-3.186517595068508,-0.07507635132716589,-0.2824455629760733
0.26,-0.41773122549057007,0.014137238264083862,0.16369470953941345,-0.13003449141979218,0.7862511277198792,0.23959630727767944,0.5323917269706726,1.0171289443969727,-3.186517595068508,-0.07507635132716589,-0.2824455629760733
0.27,-0.43130168318748474,0.014402724802494049,0.17448365688323975,-0.12492933869361877,0.792070209980011,0.2335173636674881,0.5254449248313904,1.018066644668579,-3.186517595068508,-0.07507635132716589,-0.2824455629760733
0.28,-0.4450605511665344,0.014580883085727692,0.1857592761516571,-0.12058192491531372,0.7977083325386047,0.227961003780365,0.5180550217628479,1.0183424949645996,-3.186517595068508,-0.07507635132716589,-0.2824455629760733
0.29,-0.458517462015152,0.01471877470612526,0.19694122672080994,-0.11668087542057037,0.8028475642204285,0.22290746867656708,0.5107492208480835,1.0181459188461304,-3.186517595068508,-0.07507635132716589,-0.2824455629760733
0.3,-0.4719659686088562,0.014870122075080872,0.20834043622016907,-0.11297731101512909,0.8080052137374878,0.21825678646564484,0.5033430457115173,1.0179048776626587,-3.186517595068508,-0.07507635132716589,-0.2824455629760733
0.31,-0.48597273230552673,0.014846201986074448,0.22013893723487854,-0.10992401838302612,0.8140296936035156,0.21389140188694,0.49575772881507874,1.0180046558380127,-3.186517595068508,-0.07507635132716589,-0.2824455629760733
0.32,-0.4995853900909424,0.01409144327044487,0.2323647141456604,-0.1058257669210434,0.81745845079422,0.210465207695961,0.4877025783061981,1.0152990818023682,-3.186517595068508,-0.07507635132716589,-0.2824455629760733
0.33,-0.5154225826263428,0.013590183109045029,0.24597764015197754,-0.10172557830810547,0.822758138179779,0.20763395726680756,0.47907182574272156,1.0133813619613647,-3.186517595068508,-0.07507635132716589,-0.2824455629760733
0.34,-0.5321901440620422,0.013440214097499847,0.26080766320228577,-0.09683968126773834,0.8289286494255066,0.2040870040655136,0.4702099859714508,1.0122363567352295,-3.186517595068508,-0.07507635132716589,-0.2824455629760733
0.35000000000000003,-0.5496209859848022,0.012761957943439484,0.2753331661224365,-0.09215192496776581,0.8348338007926941,0.19948147237300873,0.4609796106815338,1.0112556219100952,-3.186517595068508,-0.07507635132716589,-0.2824455629760733
0.36,-0.568113386631012,0.011805690824985504,0.29098254442214966,-0.08652259409427643,0.838890790939331,0.1945771425962448,0.45137059688568115,1.0116547346115112,-3.186517595068508,-0.07507635132716589,-0.2824455629760733
0.37,-0.5895346403121948,0.01056072860956192,0.30860471725463867,-0.08078138530254364,0.8454734683036804,0.19046488404273987,0.4420165717601776,1.0126844644546509,-3.186517595068508,-0.07507635132716589,-0.2824455629760733
0.38,-0.6109370589256287,0.009243503212928772,0.32574042677879333,-0.07646927237510681,0.8517992496490479,0.18699578940868378,0.431615948677063,1.0130665302276611,-3.186517595068508,-0.07507635132716589,-0.2824455629760733
0.39,-0.6318749189376831,0.008470535278320312,0.34276634454727173,-0.07413877546787262,0.8566990494728088,0.1862087994813919,0.4198814928531647,1.0107184648513794,-3.186517595068508,-0.07507635132716589,-0.2824455629760733
0.4,-0.6563051342964172,0.007936716079711914,0.3604937195777893,-0.07120609283447266,0.8644259572029114,0.18656784296035767,0.40785297751426697,1.0067189931869507,-3.186517595068508,-0.07507635132716589,-0.2824455629760733
0.41000000000000003,-0.6817593574523926,0.008022710680961609,0.3773955702781677,-0.06760582327842712,0.8733187317848206,0.18686097860336304,0.395576536655426,1.0053763389587402,-3.186517595068508,-0.07507635132716589,-0.2824455629760733
0.42,-0.7060803174972534,0.0077357105910778046,0.39212894439697266,-0.06665803492069244,0.8807298541069031,0.18752014636993408,0.38337597250938416,1.0030136108398438,-3.186517595068508,-0.07507635132716589,-0.2824455629760733
0.43,-0.7260297536849976,0.006675407290458679,0.4069555699825287,-0.06691356003284454,0.8850188255310059,0.19154423475265503,0.37211135029792786,0.9991153478622437,-3.186517595068508,-0.07507635132716589,-0.2824455629760733
0.44,-0.7427635192871094,0.006465557962656021,0.41964197158813477,-0.06554517149925232,0.8884057402610779,0.19972585141658783,0.3622223436832428,0.9991804957389832,-3.186517595068508,-0.07507635132716589,-0.2824455629760733
0.45,-0.7579089403152466,0.009010415524244308,0.43181511759757996,-0.0629204511642456,0.8942722678184509,0.20655706524848938,0.3566248118877411,1.0031224489212036,-3.186517595068508,-0.07507635132716589,-0.2824455629760733
0.46,-0.7685965299606323,0.011215999722480774,0.44049835205078125,-0.06139332428574562,0.8977356553077698,0.20865656435489655,0.3514374792575836,1.0049912929534912,-3.186517595068508,-0.07507635132716589,-0.2824455629760733
0.47000000000000003,-0.7792604565620422,0.011495333164930344,0.4486806392669678,-0.059770625084638596,0.8999205231666565,0.2088017463684082,0.34532618522644043,1.0052546262741089,-3.186517595068508,-0.07507635132716589,-0.2824455629760733
0.48,-0.792429506778717,0.011642850935459137,0.45809483528137207,-0.0591575987637043,0.9019106030464172,0.2111712098121643,0.33900535106658936,1.006673812866211,-3.186517595068508,-0.07507635132716589,-0.2824455629760733
0.49,-0.8049843311309814,0.012853607535362244,0.4676510691642761,-0.05793602392077446,0.9045636057853699,0.21614815294742584,0.3327469825744629,1.007423758506775,-3.186517595068508,-0.07507635132716589,-0.2824455629760733
0.0,-0.3061974346637726,-0.10185667872428894,0.005487337708473206,-0.08976554870605469,0.8340058922767639,0.08185391128063202,0.6422408819198608,0.11111868917942047,-2.196812181218813,-0.11307591258669375,-0.30936017117959635
0.01,-0.20568540692329407,-0.04815143719315529,-0.04940446466207504,-0.26551467180252075,0.7130051851272583,0.038709353655576706,0.7171760201454163,1.0289655923843384,-2.196812181218813,-0.11307591258669375,-0.30936017117959635
0.02,-0.1331031322479248,-0.0314059853553772,0.07817689329385757,-0.16386842727661133,0.47921133041381836,0.3491790294647217,0.68241286277771,0.8017386198043823,-2.196812181218813,-0.11307591258669375,-0.30936017117959635
0.03,-0.3110085427761078,-0.009604241698980331,0.06547483801841736,-0.2834150493144989,0.6884049773216248,0.3462485074996948,0.5673988461494446,0.8327195048332214,-2.196812181218813,-0.11307591258669375,-0.30936017117959635
0.04,-0.19502373039722443,-0.021120615303516388,0.00571800023317337,-0.2315029352903366,0.6251552700996399,0.32355982065200806,0.6368288993835449,0.942066490650177,-2.196812181218813,-0.11307591258669375,-0.30936017117959635
0.05,-0.2693159878253937,-0.004244450479745865,0.10282327234745026,-0.2322133630514145,0.6253086924552917,0.3493971824645996,0.6245385408401489,0.8903127908706665,-2.196812181218813,-0.11307591258669375,-0.30936017117959635
0.06,-0.25331178307533264,-0.01981159672141075,0.0459522008895874,-0.2421143501996994,0.6493353247642517,0.3231412172317505,0.5978556275367737,0.8956885933876038,-2.196812181218813,-0.11307591258669375,-0.30936017117959635
0.07,-0.27157464623451233,-0.005798514932394028,0.08599500358104706,-0.22181348502635956,0.6400022506713867,0.33378297090530396,0.6129355430603027,0.9101166129112244,-2.196812181218813,-0.11307591258669375,-0.30936017117959635
0.08,-0.2783685028553009,-0.01466156542301178,0.07294970750808716,-0.2296324223279953,0.6567492485046387,0.31660956144332886,0.5970607399940491,0.905047595500946,-2.196812181218813,-0.11307591258669375,-0.30936017117959635
0.09,-0.284689337015152,-0.008046813309192657,0.08564703166484833,-0.21914780139923096,0.6537613272666931,0.32082200050354004,0.6002993583679199,0.9128475785255432,-2.196812181218813,-0.11307591258669375,-0.30936017117959635
0.1,-0.2956762909889221,-0.011064361780881882,0.08807065337896347,-0.21913538873195648,0.6634570360183716,0.31131258606910706,0.5923442244529724,0.9120731949806213,-2.196812181218813,-0.11307591258669375,-0.30936017117959635
0.11,-0.3020169734954834,-0.008525732904672623,0.0931609570980072,-0.2144790142774582,0.6665558815002441,0.3095010221004486,0.5906918048858643,0.916797935962677,-2.196812181218813,-0.11307591258669375,-0.30936017117959635
0.12,-0.3108764588832855,-0.008652042597532272,0.09851478040218353,-0.2113473117351532,0.6715096235275269,0.3038552701473236,0.5856994390487671,0.9175533652305603,-2.196812181218813,-0.11307591258669375,-0.30936017117959635
0.13,-0.3196415603160858,-0.007441677153110504,0.10369899123907089,-0.20793086290359497,0.6769546270370483,0.2997472882270813,0.5818735361099243,0.9204807877540588,-2.196812181218813,-0.11307591258669375,-0.30936017117959635
0.14,-0.32738426327705383,-0.0068222954869270325,0.10823605209589005,-0.2042871117591858,0.6818466782569885,0.2945168912410736,0.5784413814544678,0.9233832955360413,-2.196812181218813,-0.11307591258669375,-0.30936017117959635
0.15,-0.3353212773799896,-0.00599241629242897,0.11320812255144119,-0.2003665715456009,0.6864050030708313,0.2896888256072998,0.5751244425773621,0.9258326888084412,-2.196812181218813,-0.11307591258669375,-0.30936017117959635
0.16,-0.3433575928211212,-0.005324836820363998,0.11791741102933884,-0.196626678109169,0.6912471652030945,0.28455182909965515,0.5715701580047607,0.9284078478813171,-2.196812181218813,-0.11307591258669375,-0.30936017117959635
0.17,-0.3512769937515259,-0.004537768661975861,0.12271538376808167,-0.1927729994058609,0.6959573030471802,0.27958914637565613,0.5681906938552856,0.9310353398323059,-2.196812181218813,-0.11307591258669375,-0.30936017117959635
0.18,-0.35918375849723816,-0.0037742629647254944,0.12744009494781494,-0.18898431956768036,0.7007126212120056,0.27450650930404663,0.5647846460342407,0.9335644841194153,-2.196812181218813,-0.11307591258669375,-0.30936017117959635
0.19,-0.366795152425766,-0.0026410482823848724,0.13192979991436005,-0.18514598906040192,0.7055562138557434,0.26885953545570374,0.5620895624160767,0.9362908005714417,-2.196812181218813,-0.11307591258669375,-0.30936017117959635
0.2,-0.37408074736595154,-0.0022790059447288513,0.13687258958816528,-0.18140137195587158,0.7093198895454407,0.26314204931259155,0.5585900545120239,0.9372862577438354,-2.196812181218813,-0.11307591258669375,-0.30936017117959635
0.21,-0.38249751925468445,-0.001815151423215866,0.14227557182312012,-0.17776376008987427,0.7138637900352478,0.25805261731147766,0.5546700358390808,0.9386466145515442,-2.196812181218813,-0.11307591258669375,-0.30936017117959635
0.22,-0.39113208651542664,-0.0013017207384109497,0.14921420812606812,-0.1734457165002823,0.7174795866012573,0.25337013602256775,0.5499099493026733,0.9378145337104797,-2.196812181218813,-0.11307591258669375,-0.30936017117959635
0.23,-0.40037044882774353,-0.0012314766645431519,0.1566837728023529,-0.16940386593341827,0.7212226986885071,0.24858516454696655,0.5438031554222107,0.9359646439552307,-2.196812181218813,-0.11307591258669375,-0.30936017117959635
0.24,-0.4106307029724121,-0.0011363141238689423,0.16501113772392273,-0.16541819274425507,0.7251697778701782,0.2448534071445465,0.5374862551689148,0.9341073036193848,-2.196812181218813,-0.11307591258669375,-0.30936017117959635
0.25,-0.4210580289363861,-0.000978466123342514,0.17354688048362732,-0.16142819821834564,0.7292365431785583,0.24139098823070526,0.5311715006828308,0.9321772456169128,-2.196812181218813,-0.11307591258669375,-0.30936017117959635
0.26,-0.4314245581626892,-0.0008286461234092712,0.18170320987701416,-0.1572328358888626,0.7332581281661987,0.23780974745750427,0.5250593423843384,0.9303174614906311,-2.196812181218813,-0.11307591258669375,-0.30936017117959635
0.27,-0.4418275058269501,-0.0004595071077346802,0.18964222073554993,-0.15264643728733063,0.7372807860374451,0.23425723612308502,0.5193942785263062,0.928561270236969,-2.196812181218813,-0.11307591258669375,-0.30936017117959635
0.28,-0.4518257975578308,-2.218782901763916e-05,0.19738557934761047,-0.14794965088367462,0.7412746548652649,0.2299496978521347,0.5138243436813354,0.9271047711372375,-2.196812181218813,-0.11307591258669375,-0.30936017117959635
0.29,-0.4614794850349426,0.00024270638823509216,0.20522326231002808,-0.14282090961933136,0.7445717453956604,0.22499457001686096,0.5083547830581665,0.9254392385482788,-2.196812181218813,-0.11307591258669375,-0.30936017117959635
0.3,-0.4714062213897705,-0.0009726807475090027,0.21310904622077942,-0.13773275911808014,0.7469568848609924,0.22015096247196198,0.5026140213012695,0.9223045110702515,-2.196812181218813,-0.11307591258669375,-0.30936017117959635
0.31,-0.4833703935146332,-0.0015186183154582977,0.22192201018333435,-0.1325804442167282,0.7493938207626343,0.2168315201997757,0.496192067861557,0.9202749729156494,-2.196812181218813,-0.11307591258669375,-0.30936017117959635
0.32,-0.4958200454711914,-0.001880701631307602,0.23066970705986023,-0.12719778716564178,0.7525084018707275,0.21335098147392273,0.4892362356185913,0.9186789393424988,-2.196812181218813,-0.11307591258669375,-0.30936017117959635
0.33,-0.5087834000587463,-0.0021219179034233093,0.23979461193084717,-0.12152661383152008,0.7574561238288879,0.20931316912174225,0.482831209897995,0.9191063046455383,-2.196812181218813,-0.11307591258669375,-0.30936017117959635
0.34,-0.5221059918403625,-0.001468650996685028,0.24887731671333313,-0.1155514121055603,0.7625147700309753,0.2043544203042984,0.4767037332057953,0.9206626415252686,-2.196812181218813,-0.11307591258669375,-0.30936017117959635
0.35000000000000003,-0.5361549258232117,-0.0007587894797325134,0.25843119621276855,-0.10942442715167999,0.7678436636924744,0.19844545423984528,0.4696621596813202,0.921665370464325,-2.196812181218813,-0.11307591258669375,-0.30936017117959635
0.36,-0.5519373416900635,-0.0004161819815635681,0.2691483795642853,-0.10280042886734009,0.774162769317627,0.19231458008289337,0.46225443482398987,0.9225675463676453,-2.196812181218813,-0.11307591258669375,-0.30936017117959635
0.37,-0.5691236853599548,-0.00033063068985939026,0.28069689869880676,-0.09602823853492737,0.781446635723114,0.18605490028858185,0.45471206307411194,0.9235567450523376,-2.196812181218813,-0.11307591258669375,-0.30936017117959635
0.38,-0.586224377155304,-0.001377839595079422,0.2924204468727112,-0.09184505045413971,0.7878851294517517,0.1798180490732193,0.44481325149536133,0.9234032034873962,-2.196812181218813,-0.11307591258669375,-0.30936017117959635
0.39,-0.6047114133834839,-0.0024082399904727936,0.3056401014328003,-0.08528834581375122,0.7936341762542725,0.17701388895511627,0.4344172775745392,0.9234650135040283,-2.196812181218813,-0.11307591258669375,-0.30936017117959635
0.4,-0.6244620084762573,-0.0022171251475811005,0.31852617859840393,-0.07992762327194214,0.8028870224952698,0.17515839636325836,0.4244285523891449,0.9264718890190125,-2.196812181218813,-0.11307591258669375,-0.30936017117959635
0.41000000000000003,-0.6394259929656982,-0.0019774027168750763,0.3275908827781677,-0.07655937969684601,0.8105679750442505,0.1730264127254486,0.41640448570251465,0.9277376532554626,-2.196812181218813,-0.11307591258669375,-0.30936017117959635
0.42,-0.6511697173118591,-0.001610398292541504,0.33455586433410645,-0.0733613669872284,0.8162793517112732,0.17000381648540497,0.4105839431285858,0.9295423626899719,-2.196812181218813,-0.11307591258669375,-0.30936017117959635
0.43,-0.6615682244300842,-0.0018404461443424225,0.34059813618659973,-0.07047723233699799,0.8202322125434875,0.16645893454551697,0.4049557149410248,0.9307071566581726,-2.196812181218813,-0.11307591258669375,-0.30936017117959635
0.44,-0.6724549531936646,-0.0027908943593502045,0.34735801815986633,-0.06915591657161713,0.8246484994888306,0.16382886469364166,0.39965155720710754,0.9308205246925354,-2.196812181218813,-0.11307591258669375,-0.30936017117959635
0.45,-0.6823728680610657,-0.003796882927417755,0.353547602891922,-0.06836740672588348,0.828454852104187,0.16267596185207367,0.3943650424480438,0.9296689629554749,-2.196812181218813,-0.11307591258669375,-0.30936017117959635
0.46,-0.6915565729141235,-0.004115238785743713,0.3596087694168091,-0.06748263537883759,0.8325883746147156,0.1616797000169754,0.3900968134403229,0.9293869733810425,-2.196812181218813,-0.11307591258669375,-0.30936017117959635
0.47000000000000003,-0.6989752054214478,-0.004740983247756958,0.36425304412841797,-0.06680569052696228,0.8362831473350525,0.16019368171691895,0.38664284348487854,0.9292691349983215,-2.196812181218813,-0.11307591258669375,-0.30936017117959635
0.48,-0.706135094165802,-0.005063053220510483,0.3687167465686798,-0.06550827622413635,0.8398088812828064,0.15871354937553406,0.3840164840221405,0.9299655556678772,-2.196812181218813,-0.11307591258669375,-0.30936017117959635
0.49,-0.7129538059234619,-0.005485571920871735,0.3729114830493927,-0.06452026963233948,0.8435104489326477,0.1568932682275772,0.38156262040138245,0.9307942986488342,-2.196812181218813,-0.11307591258669375,-0.30936017117959635
0.0,-0.2067604660987854,-0.04707654193043709,-0.05318490415811539,-0.0359254814684391,0.8730078339576721,0.06526251137256622,0.7222313284873962,0.02920229360461235,-2.7442793605974707,0.040298251422030876,-0.324194920895438
0.01,-0.051822103559970856,-0.06359156221151352,-0.01007399708032608,-0.20488354563713074,0.6576401591300964,-0.065670445561409,0.7379735708236694,0.3446173667907715,-2.7442793605974707,0.040298251422030876,-0.324194920895438
0.02,-0.12188659608364105,-0.11203117668628693,-0.05029677599668503,-0.11370368301868439,0.6178033947944641,0.12783940136432648,0.6155960559844971,0.7831082940101624,-2.7442793605974707,0.040298251422030876,-0.324194920895438
0.03,-0.25819146633148193,0.050493672490119934,0.005887039005756378,-0.22619180381298065,0.7333992719650269,0.28722280263900757,0.7170193195343018,1.0579630136489868,-2.7442793605974707,0.040298251422030876,-0.324194920895438
0.04,-0.14233002066612244,-0.031438495963811874,0.0031593888998031616,-0.203029066324234,0.6023721098899841,0.29726552963256836,0.6627505421638489,0.9376951456069946,-2.7442793605974707,0.040298251422030876,-0.324194920895438
0.05,-0.25794973969459534,0.0245252326130867,0.06179635971784592,-0.2215237021446228,0.6812061667442322,0.36154669523239136,0.6339542865753174,0.9084257483482361,-2.7442793605974707,0.040298251422030876,-0.324194920895438
0.06,-0.20920777320861816,-0.004481174051761627,0.00764184445142746,-0.21059665083885193,0.6704060435295105,0.3051376938819885,0.6323966979980469,0.951350748538971,-2.7442793605974707,0.040298251422030876,-0.324194920895438
0.07,-0.24456831812858582,0.006968609988689423,0.058711662888526917,-0.19732196629047394,0.6703028082847595,0.32774028182029724,0.6428669691085815,0.9471245408058167,-2.7442793605974707,0.040298251422030876,-0.324194920895438
0.08,-0.24653112888336182,0.00813772901892662,0.04156016185879707,-0.20901434123516083,0.6872630715370178,0.31617146730422974,0.6224291920661926,0.9458159804344177,-2.7442793605974707,0.040298251422030876,-0.324194920895438
0.09,-0.25227856636047363,0.0039361268281936646,0.053777679800987244,-0.19253607094287872,0.6809096336364746,0.30946141481399536,0.6277577877044678,0.9534055590629578,-2.7442793605974707,0.040298251422030876,-0.324194920895438
0.1,-0.26718658208847046,0.008549891412258148,0.06125633418560028,-0.19642485678195953,0.6934520602226257,0.30967915058135986,0.6185513734817505,0.9542754292488098,-2.7442793605974707,0.040298251422030876,-0.324194920895438
0.11,-0.27152758836746216,0.007527574896812439,0.06339071691036224,-0.18939553201198578,0.6950691938400269,0.30190038681030273,0.6155436038970947,0.9604694843292236,-2.7442793605974707,0.040298251422030876,-0.324194920895438
0.12,-0.2829587161540985,0.008583508431911469,0.07222965359687805,-0.18597589433193207,0.7010558247566223,0.2987416982650757,0.6112495064735413,0.9628435373306274,-2.7442793605974707,0.040298251422030876,-0.324194920895438
0.13,-0.2915697395801544,0.009495146572589874,0.07642588019371033,-0.18342559039592743,0.7067918181419373,0.2933582067489624,0.6063461303710938,0.9680657982826233,-2.7442793605974707,0.040298251422030876,-0.324194920895438
0.14,-0.30037182569503784,0.009791400283575058,0.08290830254554749,-0.1792038381099701,0.7110409736633301,0.28846731781959534,0.602694034576416,0.9720157980918884,-2.7442793605974707,0.040298251422030876,-0.324194920895438
0.15,-0.31037023663520813,0.010495811700820923,0.0891750156879425,-0.17657528817653656,0.7166041135787964,0.2837155759334564,0.5977497100830078,0.9747924208641052,-2.7442793605974707,0.040298251422030876,-0.324194920895438
0.16,-0.3196394741535187,0.01078440248966217,0.09496167302131653,-0.17324811220169067,0.7214767932891846,0.27860429883003235,0.5930200219154358,0.9774295091629028,-2.7442793605974707,0.040298251422030876,-0.324194920895438
0.17,-0.32932958006858826,0.011279243975877762,0.10081011056900024,-0.16998468339443207,0.7269895672798157,0.2735455334186554,0.5885632038116455,0.9809961318969727,-2.7442793605974707,0.040298251422030876,-0.324194920895438
0.18,-0.3386308252811432,0.011719204485416412,0.10641748458147049,-0.1667085438966751,0.7323117852210999,0.2683161497116089,0.584365963935852,0.984782874584198,-2.7442793605974707,0.040298251422030876,-0.324194920895438
0.19,-0.3479926884174347,0.01213320717215538,0.11222118139266968,-0.16340671479701996,0.7375202775001526,0.2632085084915161,0.5801441073417664,0.9883102178573608,-2.7442793605974707,0.040298251422030876,-0.324194920895438
0.2,-0.35681936144828796,0.012216627597808838,0.1180923655629158,-0.16020622849464417,0.7421730756759644,0.25828006863594055,0.5755571126937866,0.9906948804855347,-2.7442793605974707,0.040298251422030876,-0.324194920895438
0.21,-0.3658960163593292,0.012455269694328308,0.12423736602067947,-0.15718874335289001,0.7468414902687073,0.25372904539108276,0.5708037614822388,0.9928403496742249,-2.7442793605974707,0.040298251422030876,-0.324194920895438
0.22,-0.3744879961013794,0.012457087635993958,0.12982124090194702,-0.15424688160419464,0.751613438129425,0.24918924272060394,0.5662269592285156,0.9942339062690735,-2.7442793605974707,0.040298251422030876,-0.324194920895438
0.23,-0.3834739625453949,0.012604966759681702,0.13579243421554565,-0.15140704810619354,0.7564780116081238,0.24467457830905914,0.5619990825653076,0.9956691861152649,-2.7442793605974707,0.040298251422030876,-0.324194920895438
0.24,-0.39343342185020447,0.012920152395963669,0.1423923671245575,-0.14895087480545044,0.7617937922477722,0.24016761779785156,0.5582559108734131,0.9972302317619324,-2.7442793605974707,0.040298251422030876,-0.324194920895438
0.25,-0.4021068513393402,0.013273775577545166,0.14839483797550201,-0.14648286998271942,0.7662075161933899,0.23623277246952057,0.5546063184738159,0.9980613589286804,-2.7442793605974707,0.040298251422030876,-0.324194920895438
0.26,-0.4116114675998688,0.013294897973537445,0.15541671216487885,-0.14398999512195587,0.7709309458732605,0.23215486109256744,0.5505842566490173,0.998791515827179,-2.7442793605974707,0.040298251422030876,-0.324194920895438
0.27,-0.42202529311180115,0.01336432620882988,0.163604736328125,-0.14125539362430573,0.7756444215774536,0.22841741144657135,0.5458464622497559,0.998936116695404,-2.7442793605974707,0.040298251422030876,-0.324194920895438
0.28,-0.43306103348731995,0.013888414949178696,0.17326033115386963,-0.13767795264720917,0.780035138130188,0.22517910599708557,0.5396759510040283,0.9967910647392273,-2.7442793605974707,0.040298251422030876,-0.324194920895438
0.29,-0.44485384225845337,0.014126412570476532,0.18301278352737427,-0.13355304300785065,0.7859852910041809,0.2206089347600937,0.5328828692436218,0.995486855506897,-2.7442793605974707,0.040298251422030876,-0.324194920895438
0.3,-0.45664718747138977,0.014173708856105804,0.192656010389328,-0.12952563166618347,0.791790783405304,0.21564693748950958,0.5266382098197937,0.9946430325508118,-2.7442793605974707,0.040298251422030876,-0.324194920895438
0.31,-0.46883049607276917,0.013380736112594604,0.20311778783798218,-0.1258636713027954,0.7966132760047913,0.2116762399673462,0.5201207399368286,0.9923234581947327,-2.7442793605974707,0.040298251422030876,-0.324194920895438
0.32,-0.4826718866825104,0.013489138334989548,0.2149234116077423,-0.1229943335056305,0.8021321296691895,0.20984208583831787,0.5120996236801147,0.9906131625175476,-2.7442793605974707,0.040298251422030876,-0.324194920895438
0.33,-0.4968930184841156,0.013682521879673004,0.22720575332641602,-0.11930382251739502,0.8074429631233215,0.20807130634784698,0.5033913850784302,0.9881266951560974,-2.7442793605974707,0.040298251422030876,-0.324194920895438
0.34,-0.512634813785553,0.013700328767299652,0.24022123217582703,-0.11494086682796478,0.813518762588501,0.205471009016037,0.49472638964653015,0.9865190386772156,-2.7442793605974707,0.040298251422030876,-0.324194920895438
0.35000000000000003,-0.530512809753418,0.013799730688333511,0.25475814938545227,-0.11014154553413391,0.8208199143409729,0.20205554366111755,0.48635080456733704,0.9863889813423157,-2.7442793605974707,0.040298251422030876,-0.324194920895438
0.36,-0.5479732751846313,0.013926904648542404,0.26875412464141846,-0.10496681928634644,0.8267607092857361,0.1971747726202011,0.47759220004081726,0.986301839351654,-2.7442793605974707,0.040298251422030876,-0.324194920895438
0.37,-0.5654536485671997,0.013123147189617157,0.28138962388038635,-0.09908832609653473,0.832101047039032,0.1910504698753357,0.4678073525428772,0.985306441783905,-2.7442793605974707,0.040298251422030876,-0.324194920895438
0.38,-0.5832920074462891,0.012322202324867249,0.2937876582145691,-0.09274424612522125,0.8388736844062805,0.1849525272846222,0.4588634669780731,0.9864246249198914,-2.7442793605974707,0.040298251422030876,-0.324194920895438
0.39,-0.5999566912651062,0.011745531111955643,0.3048776388168335,-0.08705344796180725,0.845147430896759,0.1786702424287796,0.4509640336036682,0.9873995780944824,-2.7442793605974707,0.040298251422030876,-0.324194920895438
0.4,-0.6161323189735413,0.010497860610485077,0.3161930441856384,-0.08236509561538696,0.8501167893409729,0.17283909022808075,0.4415905177593231,0.9874581098556519,-2.7442793605974707,0.040298251422030876,-0.324194920895438
0.41000000000000003,-0.6357446908950806,0.009355820715427399,0.33057665824890137,-0.07648113369941711,0.8564302325248718,0.1684073954820633,0.4317375719547272,0.9882413744926453,-2.7442793605974707,0.040298251422030876,-0.324194920895438
0.42,-0.6588499546051025,0.008850708603858948,0.34615659713745117,-0.07103593647480011,0.8650378584861755,0.16362890601158142,0.42152658104896545,0.9878127574920654,-2.7442793605974707,0.040298251422030876,-0.324194920895438
0.43,-0.6811527013778687,0.007282543927431107,0.36036062240600586,-0.06567373871803284,0.87045818567276,0.15985022485256195,0.40969550609588623,0.9870185256004333,-2.7442793605974707,0.040298251422030876,-0.324194920895438
0.44,-0.702130913734436,0.006131712347269058,0.3763672709465027,-0.06566925346851349,0.8752550482749939,0.159708172082901,0.3988321125507355,0.987655520439148,-2.7442793605974707,0.040298251422030876,-0.324194920895438
0.45,-0.7183250784873962,0.004025820642709732,0.3874692916870117,-0.06555578112602234,0.877855658531189,0.16461141407489777,0.38730373978614807,0.983131468296051,-2.7442793605974707,0.040298251422030876,-0.324194920895438
0.46,-0.7360923290252686,0.005636315792798996,0.4006139636039734,-0.06503911316394806,0.8838595151901245,0.17137780785560608,0.37868598103523254,0.9870034456253052,-2.7442793605974707,0.040298251422030876,-0.324194920895438
0.47000000000000003,-0.7463791370391846,0.006095923483371735,0.40882885456085205,-0.06592029333114624,0.8890285491943359,0.17662127315998077,0.3725106716156006,0.9871229529380798,-2.7442793605974707,0.040298251422030876,-0.324194920895438
0.48,-0.755415141582489,0.0071634091436862946,0.4165857434272766,-0.06446479260921478,0.8925039172172546,0.17947611212730408,0.36819133162498474,0.989254891872406,-2.7442793605974707,0.040298251422030876,-0.324194920895438
0.49,-0.7646195888519287,0.007139492779970169,0.42385074496269226,-0.06424883008003235,0.8963469862937927,0.17984838783740997,0.363988995552063,0.9906962513923645,-2.7442793605974707,0.040298251422030876,-0.324194920895438
0.0,-0.2857668995857239,-0.0798107460141182,-0.003848530352115631,-0.07942797243595123,0.8420015573501587,0.0889371708035469,0.6657133102416992,0.0698460042476654,-2.4576354891263863,-0.13295758265900287,-0.30125050123207875
0.01,-0.2058909833431244,-0.06292739510536194,-0.027260281145572662,-0.28160515427589417,0.7328549027442932,0.033872704952955246,0.7252741456031799,0.8347384333610535,-2.4576354891263863,-0.13295758265900287,-0.30125050123207875
0.02,-0.13910624384880066,-0.0370805487036705,0.032985515892505646,-0.1771453619003296,0.496787965297699,0.34168562293052673,0.6391047835350037,0.8458259105682373,-2.4576354891263863,-0.13295758265900287,-0.30125050123207875
0.03,-0.300171434879303,0.0015122368931770325,0.0692930519580841,-0.27680641412734985,0.6991124749183655,0.37437108159065247,0.591300368309021,0.8519282341003418,-2.4576354891263863,-0.13295758265900287,-0.30125050123207875
0.04,-0.19705605506896973,-0.016329064965248108,-0.00016701221466064453,-0.2375684231519699,0.6343110799789429,0.32755547761917114,0.6348110437393188,0.952542245388031,-2.4576354891263863,-0.13295758265900287,-0.30125050123207875
0.05,-0.2667543590068817,-0.0014671534299850464,0.09656098484992981,-0.23408369719982147,0.6360631585121155,0.3629089593887329,0.6213405132293701,0.8951271176338196,-2.4576354891263863,-0.13295758265900287,-0.30125050123207875
0.06,-0.2543625831604004,-0.009994681924581528,0.040912654250860214,-0.24421487748622894,0.6619800329208374,0.33761146664619446,0.5950687527656555,0.9087787866592407,-2.4576354891263863,-0.13295758265900287,-0.30125050123207875
0.07,-0.2692261040210724,-0.0034364499151706696,0.07656453549861908,-0.22343580424785614,0.6531689763069153,0.34036242961883545,0.6128612756729126,0.9223908185958862,-2.4576354891263863,-0.13295758265900287,-0.30125050123207875
0.08,-0.2783032953739166,-0.006388548761606216,0.0684652253985405,-0.23201696574687958,0.668106734752655,0.33097559213638306,0.596635103225708,0.9186550378799438,-2.4576354891263863,-0.13295758265900287,-0.30125050123207875
0.09,-0.2841039299964905,-0.004275012761354446,0.0789274275302887,-0.22060923278331757,0.6660906672477722,0.3302534818649292,0.5983355045318604,0.9243718981742859,-2.4576354891263863,-0.13295758265900287,-0.30125050123207875
0.1,-0.29654431343078613,-0.004032231867313385,0.08314549922943115,-0.22043035924434662,0.6761608719825745,0.32404613494873047,0.5912849307060242,0.9271058440208435,-2.4576354891263863,-0.13295758265900287,-0.30125050123207875
0.11,-0.30206039547920227,-0.0033988207578659058,0.08748029172420502,-0.2150341272354126,0.6786713004112244,0.3195861876010895,0.5890722274780273,0.9323130249977112,-2.4576354891263863,-0.13295758265900287,-0.30125050123207875
0.12,-0.3119440972805023,-0.0028110668063163757,0.09412935376167297,-0.21171869337558746,0.6841483116149902,0.3153197765350342,0.5846892595291138,0.9346420168876648,-2.4576354891263863,-0.13295758265900287,-0.30125050123207875
0.13,-0.3195842504501343,-0.002245306968688965,0.09829076379537582,-0.20820815861225128,0.6889501810073853,0.31040021777153015,0.5806170701980591,0.9386777877807617,-2.4576354891263863,-0.13295758265900287,-0.30125050123207875
0.14,-0.3278767168521881,-0.001635666936635971,0.10419153422117233,-0.20417098701000214,0.693280816078186,0.3059525191783905,0.5768792629241943,0.9417517781257629,-2.4576354891263863,-0.13295758265900287,-0.30125050123207875
0.15,-0.33624061942100525,-0.0010817833244800568,0.1091763898730278,-0.2007962018251419,0.69826740026474,0.3011848032474518,0.5725845098495483,0.9449791312217712,-2.4576354891263863,-0.13295758265900287,-0.30125050123207875
0.16,-0.34437769651412964,-0.00048294663429260254,0.1145009770989418,-0.1969331055879593,0.7027427554130554,0.29657500982284546,0.5686819553375244,0.9483148455619812,-2.4576354891263863,-0.13295758265900287,-0.30125050123207875
0.17,-0.3525499403476715,0.00011857226490974426,0.11955859512090683,-0.19352005422115326,0.7078772187232971,0.2920181155204773,0.5645551681518555,0.9512729048728943,-2.4576354891263863,-0.13295758265900287,-0.30125050123207875
0.18,-0.3599931001663208,0.0005015209317207336,0.12413370609283447,-0.19002056121826172,0.7126951813697815,0.28724655508995056,0.561070442199707,0.9536307454109192,-2.4576354891263863,-0.13295758265900287,-0.30125050123207875
0.19,-0.36778977513313293,0.0009753406047821045,0.12909908592700958,-0.18665115535259247,0.7174420356750488,0.2823714315891266,0.5577374696731567,0.9563297629356384,-2.4576354891263863,-0.13295758265900287,-0.30125050123207875
0.2,-0.3753288686275482,0.001744985580444336,0.13368472456932068,-0.18334542214870453,0.7221167683601379,0.27742817997932434,0.5544267296791077,0.9595453143119812,-2.4576354891263863,-0.13295758265900287,-0.30125050123207875
0.21,-0.3835216462612152,0.00210493803024292,0.1394292712211609,-0.1798659861087799,0.7268515229225159,0.2724173665046692,0.5513148307800293,0.9615452289581299,-2.4576354891263863,-0.13295758265900287,-0.30125050123207875
0.22,-0.39220112562179565,0.0023250915110111237,0.14649176597595215,-0.17569328844547272,0.730232298374176,0.2678597569465637,0.5464541912078857,0.9602106213569641,-2.4576354891263863,-0.13295758265900287,-0.30125050123207875
0.23,-0.40307047963142395,0.002078309655189514,0.15407778322696686,-0.1716328114271164,0.7347537875175476,0.26338303089141846,0.5403408408164978,0.9593866467475891,-2.4576354891263863,-0.13295758265900287,-0.30125050123207875
0.24,-0.4142356216907501,0.0024977736175060272,0.16209366917610168,-0.16788531839847565,0.7395145893096924,0.25989872217178345,0.5345139503479004,0.9588806629180908,-2.4576354891263863,-0.13295758265900287,-0.30125050123207875
0.25,-0.42490270733833313,0.002615835517644882,0.17031165957450867,-0.1643369346857071,0.7437512874603271,0.25644034147262573,0.5284064412117004,0.9575700759887695,-2.4576354891263863,-0.13295758265900287,-0.30125050123207875
0.26,-0.4359578490257263,0.0030046291649341583,0.17929747700691223,-0.1608569622039795,0.7478688359260559,0.25355246663093567,0.521816074848175,0.9564489722251892,-2.4576354891263863,-0.13295758265900287,-0.30125050123207875
0.27,-0.4472271203994751,0.003484293818473816,0.18888011574745178,-0.15709857642650604,0.7520149946212769,0.25051647424697876,0.5151796936988831,0.9554194211959839,-2.4576354891263863,-0.13295758265900287,-0.30125050123207875
0.28,-0.45790529251098633,0.003696862608194351,0.19791531562805176,-0.15318752825260162,0.7559749484062195,0.24724553525447845,0.5089086890220642,0.9536816477775574,-2.4576354891263863,-0.13295758265900287,-0.30125050123207875
0.29,-0.46883851289749146,0.0040252842009067535,0.20699629187583923,-0.14897342026233673,0.7598229646682739,0.24377888441085815,0.5030564069747925,0.952170729637146,-2.4576354891263863,-0.13295758265900287,-0.30125050123207875
0.3,-0.4797627329826355,0.004225011914968491,0.21623486280441284,-0.14480839669704437,0.7637694478034973,0.24000759422779083,0.49722033739089966,0.950555145740509,-2.4576354891263863,-0.13295758265900287,-0.30125050123207875
0.31,-0.4908999502658844,0.0035821422934532166,0.2259538769721985,-0.140090212225914,0.7667384147644043,0.2366771697998047,0.4908159077167511,0.9478554129600525,-2.4576354891263863,-0.13295758265900287,-0.30125050123207875
0.32,-0.504250705242157,0.0034036189317703247,0.23741492629051208,-0.13452757894992828,0.7720334529876709,0.2334604412317276,0.48467516899108887,0.9475609660148621,-2.4576354891263863,-0.13295758265900287,-0.30125050123207875
0.33,-0.5167818069458008,0.003027878701686859,0.24815723299980164,-0.1296422928571701,0.7774838209152222,0.22935248911380768,0.4790145456790924,0.9470130801200867,-2.4576354891263863,-0.13295758265900287,-0.30125050123207875
0.34,-0.5314506888389587,0.003132496029138565,0.25934329628944397,-0.12401878833770752,0.7820002436637878,0.2245287299156189,0.47173693776130676,0.9473641514778137,-2.4576354891263863,-0.13295758265900287,-0.30125050123207875
0.35000000000000003,-0.5477738976478577,0.0029308199882507324,0.2711000442504883,-0.11783818900585175,0.7874721884727478,0.219379261136055,0.4636010527610779,0.9473418593406677,-2.4576354891263863,-0.13295758265900287,-0.30125050123207875
0.36,-0.5635166168212891,0.002758745104074478,0.28163379430770874,-0.11130307614803314,0.7927314639091492,0.21377219259738922,0.4556255638599396,0.9476093649864197,-2.4576354891263863,-0.13295758265900287,-0.30125050123207875
0.37,-0.578655481338501,0.0026899240911006927,0.2918418049812317,-0.10467217862606049,0.7986038327217102,0.20785288512706757,0.44811227917671204,0.9488387107849121,-2.4576354891263863,-0.13295758265900287,-0.30125050123207875
0.38,-0.5949015021324158,0.002326246351003647,0.30316275358200073,-0.09822504222393036,0.8058018088340759,0.20210856199264526,0.4409707486629486,0.9499494433403015,-2.4576354891263863,-0.13295758265900287,-0.30125050123207875
0.39,-0.6129250526428223,0.002249583601951599,0.31566116213798523,-0.09260500967502594,0.8134183287620544,0.1965899020433426,0.43202096223831177,0.9502003788948059,-2.4576354891263863,-0.13295758265900287,-0.30125050123207875
0.4,-0.6316812634468079,0.0018411427736282349,0.32858049869537354,-0.08727456629276276,0.8211016058921814,0.19122610986232758,0.4222126305103302,0.9493370652198792,-2.4576354891263863,-0.13295758265900287,-0.30125050123207875
0.41000000000000003,-0.650992751121521,0.0013206638395786285,0.3413635194301605,-0.08156508207321167,0.8291835188865662,0.18668144941329956,0.41297605633735657,0.9494791030883789,-2.4576354891263863,-0.13295758265900287,-0.30125050123207875
0.42,-0.6687772870063782,0.0008324310183525085,0.35144442319869995,-0.07870243489742279,0.8367639183998108,0.18358218669891357,0.40398266911506653,0.9502707123756409,-2.4576354891263863,-0.13295758265900287,-0.30125050123207875
0.43,-0.6828516721725464,0.0003350190818309784,0.3590552806854248,-0.0766526460647583,0.8427339196205139,0.18231143057346344,0.3962506055831909,0.9499199986457825,-2.4576354891263863,-0.13295758265900287,-0.30125050123207875
0.44,-0.6958768367767334,-0.0005102679133415222,0.3675040900707245,-0.0753246396780014,0.8479406833648682,0.18088127672672272,0.3903432786464691,0.9509033560752869,-2.4576354891263863,-0.13295758265900287,-0.30125050123207875
0.45,-0.7078242301940918,-0.0013875626027584076,0.37456005811691284,-0.0745122879743576,0.8528045415878296,0.18069784343242645,0.3838021457195282,0.9504796266555786,-2.4576354891263863,-0.13295758265900287,-0.30125050123207875
0.46,-0.7190425992012024,-0.001932576298713684,0.38217616081237793,-0.07313933968544006,0.8568536639213562,0.18102000653743744,0.37871965765953064,0.9520090818405151,-2.4576354891263863,-0.13295758265900287,-0.30125050123207875
0.47000000000000003,-0.7299654483795166,-0.0019604116678237915,0.3902953863143921,-0.07293917238712311,0.8604140877723694,0.18232981860637665,0.3739525377750397,0.9527918696403503,-2.4576354891263863,-0.13295758265900287,-0.30125050123207875
0.48,-0.7395337820053101,-0.002132762223482132,0.39750921726226807,-0.07231405377388,0.8635958433151245,0.18399322032928467,0.36953967809677124,0.9532302021980286,-2.4576354891263863,-0.13295758265900287,-0.30125050123207875
0.49,-0.7482675313949585,-0.0023098401725292206,0.4036908745765686,-0.07171951234340668,0.8673955798149109,0.18517906963825226,0.3666706085205078,0.9556995034217834,-2.4576354891263863,-0.13295758265900287,-0.30125050123207875
0.0,-0.21888184547424316,-0.014707013964653015,-0.03068339079618454,-0.0484168566763401,0.8823509216308594,0.0912378579378128,0.7612223625183105,0.0012035705149173737,-3.281585143736102,-0.1788313966012334,-0.28571845880172664
0.01,-0.11095530539751053,-0.07807952165603638,0.09558531641960144,-0.18410900235176086,0.6380175948143005,-0.04746633768081665,0.6311107277870178,0.10542060434818268,-3.281585143736102,-0.1788313966012334,-0.28571845880172664
0.02,-0.2197026014328003,-0.13871656358242035,-0.052515849471092224,-0.11065097153186798,0.7312384843826294,0.06854001432657242,0.5912423729896545,0.4015708863735199,-3.281585143736102,-0.1788313966012334,-0.28571845880172664
0.03,-0.2916852831840515,0.012733742594718933,-0.021518990397453308,-0.22428952157497406,0.8371801376342773,0.19699087738990784,0.7436711192131042,1.1612335443496704,-3.281585143736102,-0.1788313966012334,-0.28571845880172664
0.04,-0.12452854961156845,-0.014484062790870667,0.018401507288217545,-0.19521985948085785,0.5775520205497742,0.3306944966316223,0.6843888759613037,0.9770325422286987,-3.281585143736102,-0.1788313966012334,-0.28571845880172664
0.05,-0.25944042205810547,-0.003475077450275421,0.06350992619991302,-0.2544953525066376,0.6933332681655884,0.39017313718795776,0.5987961888313293,0.8534490466117859,-3.281585143736102,-0.1788313966012334,-0.28571845880172664
0.06,-0.22786974906921387,0.0094524547457695,0.009364642202854156,-0.24479864537715912,0.7198747992515564,0.36539074778556824,0.6215461492538452,0.9558492302894592,-3.281585143736102,-0.1788313966012334,-0.28571845880172664
0.07,-0.24056658148765564,-0.002052091062068939,0.0561632439494133,-0.22126735746860504,0.6781686544418335,0.3621416389942169,0.6279773116111755,0.941332221031189,-3.281585143736102,-0.1788313966012334,-0.28571845880172664
0.08,-0.25286948680877686,0.004483774304389954,0.043110642582178116,-0.24050073325634003,0.7123919129371643,0.3692803382873535,0.6086139678955078,0.9285343289375305,-3.281585143736102,-0.1788313966012334,-0.28571845880172664
0.09,-0.2585301399230957,0.004346810281276703,0.05545412749052048,-0.22238554060459137,0.703816294670105,0.3600192666053772,0.6109704375267029,0.9423922300338745,-3.281585143736102,-0.1788313966012334,-0.28571845880172664
0.1,-0.2685895562171936,0.0037063434720039368,0.05939934775233269,-0.22295434772968292,0.7127227783203125,0.3546350598335266,0.602886974811554,0.9397213459014893,-3.281585143736102,-0.1788313966012334,-0.28571845880172664
0.11,-0.276495099067688,0.004563093185424805,0.06505360454320908,-0.21623113751411438,0.7158828377723694,0.34967872500419617,0.5991961359977722,0.9453966021537781,-3.281585143736102,-0.1788313966012334,-0.28571845880172664
0.12,-0.28533363342285156,0.0045517683029174805,0.07127349078655243,-0.21171945333480835,0.720005989074707,0.34411948919296265,0.5941163301467896,0.9477232694625854,-3.281585143736102,-0.1788313966012334,-0.28571845880172664
0.13,-0.29445165395736694,0.004734225571155548,0.07716740667819977,-0.20729435980319977,0.7247629165649414,0.3392384648323059,0.5891100764274597,0.9514239430427551,-3.281585143736102,-0.1788313966012334,-0.28571845880172664
0.14,-0.30356815457344055,0.005414955317974091,0.0837683379650116,-0.20289291441440582,0.7291456460952759,0.3344094753265381,0.5846430659294128,0.9556326270103455,-3.281585143736102,-0.1788313966012334,-0.28571845880172664
0.15,-0.3126353323459625,0.005722168833017349,0.0905449390411377,-0.19806350767612457,0.733087420463562,0.3291029930114746,0.5798157453536987,0.959297776222229,-3.281585143736102,-0.1788313966012334,-0.28571845880172664
0.16,-0.32171630859375,0.00596357136964798,0.09681958705186844,-0.1933259814977646,0.7373771071434021,0.3234482407569885,0.5752482414245605,0.963615894317627,-3.281585143736102,-0.1788313966012334,-0.28571845880172664
0.17,-0.3306589722633362,0.006135784089565277,0.10296771675348282,-0.18834711611270905,0.7414385676383972,0.3178819417953491,0.5710211396217346,0.9683987498283386,-3.281585143736102,-0.1788313966012334,-0.28571845880172664
0.18,-0.3400329649448395,0.006232813000679016,0.10926920175552368,-0.18342961370944977,0.7459098696708679,0.31277117133140564,0.5669586062431335,0.973791778087616,-3.281585143736102,-0.1788313966012334,-0.28571845880172664
0.19,-0.3498553931713104,0.006684560328722,0.11584024876356125,-0.17876245081424713,0.7507039308547974,0.30767083168029785,0.5631529092788696,0.9799774885177612,-3.281585143736102,-0.1788313966012334,-0.28571845880172664
0.2,-0.3604154884815216,0.006655313074588776,0.12304044514894485,-0.17404383420944214,0.7555774450302124,0.30207592248916626,0.5589607357978821,0.986149787902832,-3.281585143736102,-0.1788313966012334,-0.28571845880172664
0.21,-0.37183621525764465,0.007004927843809128,0.1305149793624878,-0.1695217341184616,0.7614683508872986,0.2967953085899353,0.5547425746917725,0.9935150146484375,-3.281585143736102,-0.1788313966012334,-0.28571845880172664
0.22,-0.3834857642650604,0.007943592965602875,0.13914555311203003,-0.164505735039711,0.7662425637245178,0.29179075360298157,0.5497002005577087,0.9989251494407654,-3.281585143736102,-0.1788313966012334,-0.28571845880172664
0.23,-0.39562341570854187,0.00839906930923462,0.14820143580436707,-0.15910016000270844,0.7717898488044739,0.2859877347946167,0.5439812541007996,1.0026130676269531,-3.281585143736102,-0.1788313966012334,-0.28571845880172664
0.24,-0.40822669863700867,0.009114429354667664,0.15727508068084717,-0.15363888442516327,0.7780969738960266,0.27948692440986633,0.5385450124740601,1.0073933601379395,-3.281585143736102,-0.1788313966012334,-0.28571845880172664
0.25,-0.4200946092605591,0.009294409304857254,0.16682127118110657,-0.14876922965049744,0.7840347290039062,0.2726598083972931,0.5331048965454102,1.0109353065490723,-3.281585143736102,-0.1788313966012334,-0.28571845880172664
0.26,-0.4326157867908478,0.009588673710823059,0.17675867676734924,-0.14351533353328705,0.7895652651786804,0.2660925090312958,0.5270494222640991,1.013756513595581,-3.281585143736102,-0.1788313966012334,-0.28571845880172664
0.27,-0.4461444020271301,0.010060615837574005,0.1875157654285431,-0.13884679973125458,0.7954453229904175,0.25955909490585327,0.5208477973937988,1.0164705514907837,-3.281585143736102,-0.1788313966012334,-0.28571845880172664
0.28,-0.4595542848110199,0.010497204959392548,0.1983499825000763,-0.13405628502368927,0.8011652827262878,0.2536923885345459,0.5142415761947632,1.0186201333999634,-3.281585143736102,-0.1788313966012334,-0.28571845880172664
0.29,-0.47343242168426514,0.010655488818883896,0.20950499176979065,-0.1290682554244995,0.8069438934326172,0.24822677671909332,0.5073415040969849,1.0186617374420166,-3.281585143736102,-0.1788313966012334,-0.28571845880172664
0.3,-0.4868984818458557,0.010642174631357193,0.22066402435302734,-0.12393446266651154,0.8120734691619873,0.24250052869319916,0.5005620121955872,1.0189677476882935,-3.281585143736102,-0.1788313966012334,-0.28571845880172664
0.31,-0.5011754631996155,0.010070063173770905,0.232677161693573,-0.11993758380413055,0.8180434107780457,0.23715154826641083,0.49393126368522644,1.0193016529083252,-3.281585143736102,-0.1788313966012334,-0.28571845880172664
0.32,-0.5151612758636475,0.00979478657245636,0.24496066570281982,-0.11560630798339844,0.8230934739112854,0.2332085222005844,0.48683786392211914,1.0183724164962769,-3.281585143736102,-0.1788313966012334,-0.28571845880172664
0.33,-0.5299500823020935,0.00855378806591034,0.25821608304977417,-0.11078380048274994,0.828003466129303,0.22964106500148773,0.4787503182888031,1.0160268545150757,-3.281585143736102,-0.1788313966012334,-0.28571845880172664
0.34,-0.5479744076728821,0.008132055401802063,0.27357545495033264,-0.10609906911849976,0.8347421288490295,0.22634613513946533,0.47138074040412903,1.0161269903182983,-3.281585143736102,-0.1788313966012334,-0.28571845880172664
0.35000000000000003,-0.565046489238739,0.00788656622171402,0.28787875175476074,-0.10115756094455719,0.8391775488853455,0.22265368700027466,0.4623132050037384,1.0156227350234985,-3.281585143736102,-0.1788313966012334,-0.28571845880172664
0.36,-0.58342045545578,0.006722450256347656,0.303334504365921,-0.09513755142688751,0.8444211483001709,0.2182808369398117,0.45302870869636536,1.0158439874649048,-3.281585143736102,-0.1788313966012334,-0.28571845880172664
0.37,-0.6031535863876343,0.006127823144197464,0.3194465637207031,-0.08947747945785522,0.850202739238739,0.2138717621564865,0.4439651072025299,1.0173593759536743,-3.281585143736102,-0.1788313966012334,-0.28571845880172664
0.38,-0.6221253871917725,0.005406185984611511,0.33392220735549927,-0.08414606750011444,0.8562166690826416,0.2091303914785385,0.4352245330810547,1.0180226564407349,-3.281585143736102,-0.1788313966012334,-0.28571845880172664
0.39,-0.6429315209388733,0.005709439516067505,0.3488864302635193,-0.08094725012779236,0.8620407581329346,0.20532582700252533,0.4260399043560028,1.0181654691696167,-3.281585143736102,-0.1788313966012334,-0.28571845880172664
0.4,-0.6655235290527344,0.004773490130901337,0.3649936318397522,-0.07899415493011475,0.8683982491493225,0.2046167403459549,0.41459065675735474,1.0154646635055542,-3.281585143736102,-0.1788313966012334,-0.28571845880172664
0.41000000000000003,-0.6906934380531311,0.0042845457792282104,0.38092947006225586,-0.07589522004127502,0.8747958540916443,0.2059330940246582,0.40112966299057007,1.013787865638733,-3.281585143736102,-0.1788313966012334,-0.28571845880172664
0.42,-0.7162484526634216,0.004773985594511032,0.3965068459510803,-0.07371646165847778,0.8833721280097961,0.208025261759758,0.38847267627716064,1.0139254331588745,-3.281585143736102,-0.1788313966012334,-0.28571845880172664
0.43,-0.7361699938774109,0.004057455807924271,0.4109377861022949,-0.07435604929924011,0.8882829546928406,0.21154290437698364,0.37782225012779236,1.012518286705017,-3.281585143736102,-0.1788313966012334,-0.28571845880172664
0.44,-0.7524594068527222,0.005004208534955978,0.42340993881225586,-0.07334175705909729,0.8933121562004089,0.2184278517961502,0.3695344626903534,1.0123789310455322,-3.281585143736102,-0.1788313966012334,-0.28571845880172664
0.45,-0.7655302882194519,0.007061254233121872,0.4341920018196106,-0.07109551131725311,0.897262454032898,0.2232334166765213,0.3633534610271454,1.0147783756256104,-3.281585143736102,-0.1788313966012334,-0.28571845880172664
0.46,-0.7771618962287903,0.008254699409008026,0.44350072741508484,-0.06903640925884247,0.9004374146461487,0.2253807932138443,0.35795512795448303,1.01636803150177,-3.281585143736102,-0.1788313966012334,-0.28571845880172664
0.47000000000000003,-0.789076566696167,0.008770700544118881,0.4528263211250305,-0.06747590005397797,0.9030613899230957,0.22698204219341278,0.3520050346851349,1.0172946453094482,-3.281585143736102,-0.1788313966012334,-0.28571845880172664
0.48,-0.8016127347946167,0.00927477702498436,0.46259593963623047,-0.06593827903270721,0.9057672619819641,0.22951848804950714,0.34567633271217346,1.0180283784866333,-3.281585143736102,-0.1788313966012334,-0.28571845880172664
0.49,-0.8143579959869385,0.010072663426399231,0.47255250811576843,-0.06429307162761688,0.9088696837425232,0.23249615728855133,0.33951154351234436,1.0191501379013062,-3.281585143736102,-0.1788313966012334,-0.28571845880172664
0.0,-0.36121636629104614,-0.11384152621030807,0.041672587394714355,-0.12900151312351227,0.8134757876396179,0.11088847368955612,0.6119769811630249,0.12954667210578918,-2.159269765144967,-0.3046235976934654,-0.2652684622744252
0.01,-0.27089324593544006,-0.061067767441272736,-0.018935423344373703,-0.2737393081188202,0.6980449557304382,0.12605705857276917,0.6570960283279419,1.043078064918518,-2.159269765144967,-0.3046235976934654,-0.2652684622744252
0.02,-0.12637239694595337,-0.02050185203552246,0.07760275155305862,-0.19863979518413544,0.48572877049446106,0.3933362662792206,0.6638360023498535,0.787792980670929,-2.159269765144967,-0.3046235976934654,-0.2652684622744252
0.03,-0.318277508020401,-0.03710636869072914,0.08511239290237427,-0.2911512553691864,0.650941789150238,0.35289454460144043,0.5435346961021423,0.7984971404075623,-2.159269765144967,-0.3046235976934654,-0.2652684622744252
0.04,-0.22927021980285645,-0.01799628883600235,0.04220566526055336,-0.2443474978208542,0.6199976801872253,0.37016743421554565,0.5990474224090576,0.8978990316390991,-2.159269765144967,-0.3046235976934654,-0.2652684622744252
0.05,-0.2762838900089264,-0.019222430884838104,0.10153581947088242,-0.24257458746433258,0.6152369379997253,0.3535039722919464,0.5941118001937866,0.8794881701469421,-2.159269765144967,-0.3046235976934654,-0.2652684622744252
0.06,-0.26950377225875854,-0.02296803891658783,0.07290732860565186,-0.24900536239147186,0.6303349137306213,0.3479357361793518,0.5746526718139648,0.8744084239006042,-2.159269765144967,-0.3046235976934654,-0.2652684622744252
0.07,-0.282720148563385,-0.018843982368707657,0.0947127491235733,-0.2343779057264328,0.6267662644386292,0.34791117906570435,0.5806869268417358,0.8841273784637451,-2.159269765144967,-0.3046235976934654,-0.2652684622744252
0.08,-0.2905764579772949,-0.019781313836574554,0.09182620048522949,-0.2369745820760727,0.6384989619255066,0.3392009139060974,0.5718864798545837,0.887306272983551,-2.159269765144967,-0.3046235976934654,-0.2652684622744252
0.09,-0.2966083288192749,-0.018471859395503998,0.0996595174074173,-0.2295815497636795,0.6386350393295288,0.33733004331588745,0.5712473392486572,0.8910235166549683,-2.159269765144967,-0.3046235976934654,-0.2652684622744252
0.1,-0.30636075139045715,-0.017829053103923798,0.10413752496242523,-0.22780248522758484,0.6457509398460388,0.33167508244514465,0.566229522228241,0.8941868543624878,-2.159269765144967,-0.3046235976934654,-0.2652684622744252
0.11,-0.31279873847961426,-0.01674797385931015,0.10877007246017456,-0.22358760237693787,0.6490011811256409,0.32743674516677856,0.5627821683883667,0.8974777460098267,-2.159269765144967,-0.3046235976934654,-0.2652684622744252
0.12,-0.3215060830116272,-0.016051195561885834,0.11415519565343857,-0.22004450857639313,0.6536830067634583,0.32251280546188354,0.5584352612495422,0.9003511667251587,-2.159269765144967,-0.3046235976934654,-0.2652684622744252
0.13,-0.32902437448501587,-0.015397757291793823,0.11830081790685654,-0.21671125292778015,0.6584623456001282,0.31785956025123596,0.5547695159912109,0.9032451510429382,-2.159269765144967,-0.3046235976934654,-0.2652684622744252
0.14,-0.3370200991630554,-0.014626234769821167,0.1234838142991066,-0.21312786638736725,0.6628324389457703,0.3133299648761749,0.5514489412307739,0.9058833718299866,-2.159269765144967,-0.3046235976934654,-0.2652684622744252
0.15,-0.3450731933116913,-0.013767100870609283,0.12935945391654968,-0.2086315155029297,0.6664432883262634,0.30874621868133545,0.5473198294639587,0.9058340191841125,-2.159269765144967,-0.3046235976934654,-0.2652684622744252
0.16,-0.3550567030906677,-0.013778302818536758,0.13570821285247803,-0.20405562222003937,0.6707858443260193,0.3033018708229065,0.541939914226532,0.9062144160270691,-2.159269765144967,-0.3046235976934654,-0.2652684622744252
0.17,-0.3656017482280731,-0.013180635869503021,0.14252594113349915,-0.1992838829755783,0.6759552359580994,0.29878976941108704,0.5371262431144714,0.9070205688476562,-2.159269765144967,-0.3046235976934654,-0.2652684622744252
0.18,-0.37579968571662903,-0.012730821967124939,0.1494351327419281,-0.19446726143360138,0.6810652613639832,0.2933117747306824,0.5329999923706055,0.907636821269989,-2.159269765144967,-0.3046235976934654,-0.2652684622744252
0.19,-0.38557150959968567,-0.012427087873220444,0.15621232986450195,-0.189277783036232,0.6856502890586853,0.2877731919288635,0.5289917588233948,0.9074952006340027,-2.159269765144967,-0.3046235976934654,-0.2652684622744252
0.2,-0.3958517014980316,-0.011647269129753113,0.1633920967578888,-0.18492437899112701,0.6905475854873657,0.28337517380714417,0.5244096517562866,0.907407820224762,-2.159269765144967,-0.3046235976934654,-0.2652684622744252
0.21,-0.4059155285358429,-0.011183783411979675,0.17062416672706604,-0.18015079200267792,0.6949416995048523,0.2790173888206482,0.5195057392120361,0.9060003757476807,-2.159269765144967,-0.3046235976934654,-0.2652684622744252
0.22,-0.41677260398864746,-0.010705206543207169,0.17811459302902222,-0.17548523843288422,0.6998433470726013,0.2749035358428955,0.5141051411628723,0.9046359658241272,-2.159269765144967,-0.3046235976934654,-0.2652684622744252
0.23,-0.42738452553749084,-0.010160364210605621,0.1852237582206726,-0.17090590298175812,0.7051011323928833,0.27105972170829773,0.5087863802909851,0.9033930897712708,-2.159269765144967,-0.3046235976934654,-0.2652684622744252
0.24,-0.4378074109554291,-0.009551044553518295,0.192325621843338,-0.1662721484899521,0.7101520895957947,0.2670459747314453,0.503706157207489,0.9024542570114136,-2.159269765144967,-0.3046235976934654,-0.2652684622744252
0.25,-0.4482325613498688,-0.008981052786111832,0.19962561130523682,-0.16146531701087952,0.7151681184768677,0.26292142271995544,0.4987167418003082,0.9014937281608582,-2.159269765144967,-0.3046235976934654,-0.2652684622744252
0.26,-0.45918235182762146,-0.008595742285251617,0.2071765959262848,-0.15676169097423553,0.720299243927002,0.25874820351600647,0.4941585063934326,0.9007242918014526,-2.159269765144967,-0.3046235976934654,-0.2652684622744252
0.27,-0.4699196517467499,-0.008312273770570755,0.21538877487182617,-0.1514425128698349,0.7248632311820984,0.25425657629966736,0.4896971583366394,0.9004396796226501,-2.159269765144967,-0.3046235976934654,-0.2652684622744252
0.28,-0.4805710017681122,-0.007943693548440933,0.2237747609615326,-0.14608006179332733,0.7292640209197998,0.24928274750709534,0.48513320088386536,0.9001393914222717,-2.159269765144967,-0.3046235976934654,-0.2652684622744252
0.29,-0.4901905357837677,-0.007323473691940308,0.23090821504592896,-0.14078740775585175,0.733132541179657,0.2442590594291687,0.48011526465415955,0.9001097679138184,-2.159269765144967,-0.3046235976934654,-0.2652684622744252
0.3,-0.5008589029312134,-0.006584201008081436,0.2382015585899353,-0.13531054556369781,0.7366455793380737,0.23874546587467194,0.4740895628929138,0.9008782505989075,-2.159269765144967,-0.3046235976934654,-0.2652684622744252
0.31,-0.5117748975753784,-0.006767071783542633,0.24590381979942322,-0.1296832412481308,0.7397365570068359,0.2340383678674698,0.4675509035587311,0.9000292420387268,-2.159269765144967,-0.3046235976934654,-0.2652684622744252
0.32,-0.525763213634491,-0.006415911018848419,0.25576522946357727,-0.12437930703163147,0.744975745677948,0.2301373928785324,0.46095559000968933,0.9011579751968384,-2.159269765144967,-0.3046235976934654,-0.2652684622744252
0.33,-0.539344072341919,-0.005883030593395233,0.26523521542549133,-0.11889418959617615,0.7513988018035889,0.2254757583141327,0.4552721679210663,0.9024213552474976,-2.159269765144967,-0.3046235976934654,-0.2652684622744252
0.34,-0.5516822934150696,-0.0060866959393024445,0.2734045088291168,-0.1139611303806305,0.7565780878067017,0.22018466889858246,0.4504031538963318,0.9025343060493469,-2.159269765144967,-0.3046235976934654,-0.2652684622744252
0.35000000000000003,-0.5643781423568726,-0.006246611475944519,0.2824496328830719,-0.109006866812706,0.7615794539451599,0.21554532647132874,0.44508451223373413,0.9023543000221252,-2.159269765144967,-0.3046235976934654,-0.2652684622744252
0.36,-0.5790266990661621,-0.006246842443943024,0.2931586802005768,-0.10423190891742706,0.7677428126335144,0.21098995208740234,0.4382455348968506,0.9021539092063904,-2.159269765144967,-0.3046235976934654,-0.2652684622744252
0.37,-0.5945974588394165,-0.006260398775339127,0.30395373702049255,-0.09923683106899261,0.7746179103851318,0.20606684684753418,0.43096426129341125,0.9016054272651672,-2.159269765144967,-0.3046235976934654,-0.2652684622744252
0.38,-0.6085576415061951,-0.0071771033108234406,0.3133457601070404,-0.09617377817630768,0.7811393141746521,0.20247499644756317,0.4224989116191864,0.9012489914894104,-2.159269765144967,-0.3046235976934654,-0.2652684622744252
0.39,-0.6226235628128052,-0.007797665894031525,0.3216696083545685,-0.09264136850833893,0.7863063812255859,0.2007225900888443,0.4150318205356598,0.9020349383354187,-2.159269765144967,-0.3046235976934654,-0.2652684622744252
0.4,-0.635584831237793,-0.007627304643392563,0.3287271559238434,-0.08979304134845734,0.7916628122329712,0.19924986362457275,0.4081684648990631,0.9034914374351501,-2.159269765144967,-0.3046235976934654,-0.2652684622744252
0.41000000000000003,-0.646460771560669,-0.0075995102524757385,0.33451563119888306,-0.08685633540153503,0.7964882254600525,0.19714920222759247,0.4025740921497345,0.9046475291252136,-2.159269765144967,-0.3046235976934654,-0.2652684622744252
0.42,-0.6569330096244812,-0.007692363113164902,0.33985382318496704,-0.08390149474143982,0.8007187843322754,0.19439640641212463,0.3975301682949066,0.9057880640029907,-2.159269765144967,-0.3046235976934654,-0.2652684622744252
0.43,-0.6666889190673828,-0.008891403675079346,0.3447291851043701,-0.0827966034412384,0.8047648668289185,0.19229519367218018,0.3929691016674042,0.9058458209037781,-2.159269765144967,-0.3046235976934654,-0.2652684622744252
0.44,-0.6755694150924683,-0.009556502103805542,0.3494967818260193,-0.08104175329208374,0.8084443211555481,0.1920108050107956,0.39009153842926025,0.9064169526100159,-2.159269765144967,-0.3046235976934654,-0.2652684622744252
0.45,-0.6833915710449219,-0.009310498833656311,0.35386624932289124,-0.0794893205165863,0.8126830458641052,0.19101835787296295,0.387874573469162,0.9081187844276428,-2.159269765144967,-0.3046235976934654,-0.2652684622744252
0.46,-0.6897510290145874,-0.009485241025686264,0.35746532678604126,-0.07785442471504211,0.8159987330436707,0.18913902342319489,0.38554370403289795,0.9088040590286255,-2.159269765144967,-0.3046235976934654,-0.2652684622744252
0.47000000000000003,-0.6968918442726135,-0.009727533906698227,0.3614971339702606,-0.07615266740322113,0.8193537592887878,0.18679499626159668,0.38323161005973816,0.9100892543792725,-2.159269765144967,-0.3046235976934654,-0.2652684622744252
0.48,-0.7032647132873535,-0.010033180937170982,0.3651455044746399,-0.07480710744857788,0.8224052786827087,0.1848803460597992,0.3813960552215576,0.9102815389633179,-2.159269765144967,-0.3046235976934654,-0.2652684622744252
0.49,-0.709916889667511,-0.01005866564810276,0.368848592042923,-0.07383394241333008,0.8254150152206421,0.18336127698421478,0.38025763630867004,0.9116573929786682,-2.159269765144967,-0.3046235976934654,-0.2652684622744252
0.0,-0.16741925477981567,0.012434825301170349,-0.054100342094898224,-0.023961704224348068,0.8845388293266296,0.071896493434906,0.7856049537658691,-0.015005771070718765,-3.452417556949751,-0.07750147513388649,-0.26877397986701124
0.01,-0.08413616567850113,-0.10187053680419922,0.1695689857006073,-0.11455802619457245,0.6625841856002808,-0.13765214383602142,0.5931481122970581,0.0605899952352047,-3.452417556949751,-0.07750147513388649,-0.26877397986701124
0.02,-0.2587169408798218,-0.11784781515598297,-0.02340196818113327,-0.029804345220327377,0.7815573215484619,-0.0490046925842762,0.6192744970321655,0.3676772117614746,-3.452417556949751,-0.07750147513388649,-0.26877397986701124
0.03,-0.27960842847824097,-0.01829499751329422,-0.05503018945455551,-0.14654633402824402,0.8488282561302185,0.03612649813294411,0.7397750616073608,1.1531037092208862,-3.452417556949751,-0.07750147513388649,-0.26877397986701124
0.04,-0.10886987298727036,0.0038680508732795715,0.0026786625385284424,-0.11802899837493896,0.5708128809928894,0.25740981101989746,0.7192438244819641,1.036051630973816,-3.452417556949751,-0.07750147513388649,-0.26877397986701124
0.05,-0.25127050280570984,0.0009698569774627686,0.05442909151315689,-0.20977932214736938,0.696354329586029,0.32434648275375366,0.596668541431427,0.8733710050582886,-3.452417556949751,-0.07750147513388649,-0.26877397986701124
0.06,-0.20074397325515747,0.004207581281661987,-0.02246173471212387,-0.2140589952468872,0.7268574833869934,0.3233659267425537,0.6261314749717712,0.9725921750068665,-3.452417556949751,-0.07750147513388649,-0.26877397986701124
0.07,-0.23069891333580017,0.010212622582912445,0.05216934159398079,-0.1855665147304535,0.683718740940094,0.33296406269073486,0.6371989250183105,0.9640886187553406,-3.452417556949751,-0.07750147513388649,-0.26877397986701124
0.08,-0.23349648714065552,0.006699778139591217,0.02513163350522518,-0.20940186083316803,0.716792106628418,0.33320146799087524,0.6088770031929016,0.940207302570343,-3.452417556949751,-0.07750147513388649,-0.26877397986701124
0.09,-0.24355411529541016,0.010899610817432404,0.04380308464169502,-0.18813198804855347,0.7112250924110413,0.32904115319252014,0.6157259345054626,0.9578731656074524,-3.452417556949751,-0.07750147513388649,-0.26877397986701124
0.1,-0.2518744170665741,0.00888834148645401,0.044112637639045715,-0.19010460376739502,0.718814492225647,0.31950533390045166,0.6062822341918945,0.9556615948677063,-3.452417556949751,-0.07750147513388649,-0.26877397986701124
0.11,-0.26064708828926086,0.009263016283512115,0.05201585218310356,-0.18151810765266418,0.7212822437286377,0.3158930838108063,0.6029025912284851,0.9602785706520081,-3.452417556949751,-0.07750147513388649,-0.26877397986701124
0.12,-0.27013519406318665,0.010101176798343658,0.05715855211019516,-0.17842288315296173,0.7273436784744263,0.3101564943790436,0.5979106426239014,0.9638412594795227,-3.452417556949751,-0.07750147513388649,-0.26877397986701124
0.13,-0.2784227132797241,0.00978078693151474,0.06338348239660263,-0.17259837687015533,0.730443000793457,0.3048861622810364,0.5931910872459412,0.9668202996253967,-3.452417556949751,-0.07750147513388649,-0.26877397986701124
0.14,-0.28846898674964905,0.010717421770095825,0.06977833807468414,-0.16917453706264496,0.7357951998710632,0.29950785636901855,0.5884930491447449,0.9700077772140503,-3.452417556949751,-0.07750147513388649,-0.26877397986701124
0.15,-0.29696619510650635,0.010613366961479187,0.07558774948120117,-0.16469672322273254,0.7395008206367493,0.29410693049430847,0.583367109298706,0.9725460410118103,-3.452417556949751,-0.07750147513388649,-0.26877397986701124
0.16,-0.3066982626914978,0.011291876435279846,0.08234851062297821,-0.16058075428009033,0.7441053986549377,0.2887945771217346,0.5787801742553711,0.975709855556488,-3.452417556949751,-0.07750147513388649,-0.26877397986701124
0.17,-0.3156749904155731,0.011332742869853973,0.08861325681209564,-0.1562746912240982,0.7489210963249207,0.2831839323043823,0.5741888880729675,0.9794995784759521,-3.452417556949751,-0.07750147513388649,-0.26877397986701124
0.18,-0.32544511556625366,0.012024648487567902,0.09538675099611282,-0.15209458768367767,0.7539409399032593,0.2774527668952942,0.5698708295822144,0.9843268990516663,-3.452417556949751,-0.07750147513388649,-0.26877397986701124
0.19,-0.3346724212169647,0.01213981956243515,0.10178256779909134,-0.14766420423984528,0.7584586143493652,0.2716556191444397,0.5651522874832153,0.9886869192123413,-3.452417556949751,-0.07750147513388649,-0.26877397986701124
0.2,-0.3445880115032196,0.012585990130901337,0.10821452736854553,-0.14323250949382782,0.76350337266922,0.26570549607276917,0.5610417127609253,0.9938948750495911,-3.452417556949751,-0.07750147513388649,-0.26877397986701124
0.21,-0.3556668162345886,0.01219874620437622,0.11541176587343216,-0.13867846131324768,0.7683553099632263,0.25941383838653564,0.5561751127243042,0.999503493309021,-3.452417556949751,-0.07750147513388649,-0.26877397986701124
0.22,-0.36780402064323425,0.012412972748279572,0.12258782237768173,-0.13392144441604614,0.7741687893867493,0.2531348764896393,0.5513280630111694,1.0065746307373047,-3.452417556949751,-0.07750147513388649,-0.26877397986701124
0.23,-0.37878140807151794,0.012052714824676514,0.12907886505126953,-0.12917007505893707,0.7796871662139893,0.24680866301059723,0.54715496301651,1.0138293504714966,-3.452417556949751,-0.07750147513388649,-0.26877397986701124
0.24,-0.38963937759399414,0.012501966208219528,0.1364581137895584,-0.12474073469638824,0.7846786379814148,0.24169839918613434,0.5436612367630005,1.0199579000473022,-3.452417556949751,-0.07750147513388649,-0.26877397986701124
0.25,-0.4008817970752716,0.01290963962674141,0.1459996998310089,-0.12008444964885712,0.7888736724853516,0.23680268228054047,0.5381948351860046,1.0218396186828613,-3.452417556949751,-0.07750147513388649,-0.26877397986701124
0.26,-0.41429397463798523,0.013006158173084259,0.1564340591430664,-0.11478543281555176,0.7944875359535217,0.23091618716716766,0.5312719345092773,1.0235071182250977,-3.452417556949751,-0.07750147513388649,-0.26877397986701124
0.27,-0.4284333288669586,0.013523254543542862,0.16717147827148438,-0.10936027765274048,0.8007899522781372,0.22402599453926086,0.524726390838623,1.0268676280975342,-3.452417556949751,-0.07750147513388649,-0.26877397986701124
0.28,-0.44182541966438293,0.013648971915245056,0.17744070291519165,-0.10396403074264526,0.8066255450248718,0.21692520380020142,0.5182778835296631,1.0299437046051025,-3.452417556949751,-0.07750147513388649,-0.26877397986701124
0.29,-0.45563802123069763,0.013999395072460175,0.18847405910491943,-0.09959802031517029,0.812343180179596,0.2106432020664215,0.5119996070861816,1.0328447818756104,-3.452417556949751,-0.07750147513388649,-0.26877397986701124
0.3,-0.46955183148384094,0.014069650322198868,0.20000439882278442,-0.09586691856384277,0.8184000849723816,0.2054755985736847,0.5049392580986023,1.0346993207931519,-3.452417556949751,-0.07750147513388649,-0.26877397986701124
0.31,-0.4836163818836212,0.0143565833568573,0.21210145950317383,-0.09190094470977783,0.8240584135055542,0.20053815841674805,0.49798402190208435,1.0361695289611816,-3.452417556949751,-0.07750147513388649,-0.26877397986701124
0.32,-0.4975478947162628,0.013400621712207794,0.22440579533576965,-0.08771219849586487,0.8287186622619629,0.19592887163162231,0.49000632762908936,1.033549189567566,-3.452417556949751,-0.07750147513388649,-0.26877397986701124
0.33,-0.5118810534477234,0.012726947665214539,0.23792967200279236,-0.08247917890548706,0.8332180976867676,0.1918688267469406,0.48156413435935974,1.0308655500411987,-3.452417556949751,-0.07750147513388649,-0.26877397986701124
0.34,-0.5279664397239685,0.011868607252836227,0.25239282846450806,-0.07751886546611786,0.8392247557640076,0.18695202469825745,0.4727853834629059,1.0298932790756226,-3.452417556949751,-0.07750147513388649,-0.26877397986701124
0.35000000000000003,-0.5451267957687378,0.011060141026973724,0.26736223697662354,-0.07263478636741638,0.8447100520133972,0.18245966732501984,0.4636788070201874,1.0294030904769897,-3.452417556949751,-0.07750147513388649,-0.26877397986701124
0.36,-0.5649124979972839,0.010657347738742828,0.2835935950279236,-0.06917919218540192,0.8495908379554749,0.18041618168354034,0.45277783274650574,1.0273938179016113,-3.452417556949751,-0.07750147513388649,-0.26877397986701124
0.37,-0.5859740376472473,0.010023042559623718,0.30100351572036743,-0.0663267970085144,0.8551671504974365,0.1802414059638977,0.44146615266799927,1.0241785049438477,-3.452417556949751,-0.07750147513388649,-0.26877397986701124
0.38,-0.6088913083076477,0.010125331580638885,0.3188396096229553,-0.062307823449373245,0.8613624572753906,0.18004664778709412,0.4296620786190033,1.0225142240524292,-3.452417556949751,-0.07750147513388649,-0.26877397986701124
0.39,-0.6327189207077026,0.0090627521276474,0.33630335330963135,-0.05787816271185875,0.8671819567680359,0.1786416620016098,0.41786447167396545,1.0211694240570068,-3.452417556949751,-0.07750147513388649,-0.26877397986701124
0.4,-0.656928539276123,0.008415143936872482,0.353614866733551,-0.05451081320643425,0.8733013272285461,0.17798806726932526,0.4063010811805725,1.0205621719360352,-3.452417556949751,-0.07750147513388649,-0.26877397986701124
0.41000000000000003,-0.6810905933380127,0.008040249347686768,0.3719836473464966,-0.05308355763554573,0.8800777196884155,0.17804072797298431,0.39418068528175354,1.0174288749694824,-3.452417556949751,-0.07750147513388649,-0.26877397986701124
0.42,-0.706196665763855,0.0056614503264427185,0.3907836675643921,-0.054497506469488144,0.8861439228057861,0.17984548211097717,0.3793022334575653,1.0104024410247803,-3.452417556949751,-0.07750147513388649,-0.26877397986701124
0.43,-0.7303532361984253,0.004489202052354813,0.40860339999198914,-0.056225161999464035,0.8915428519248962,0.18927845358848572,0.36504659056663513,1.0058387517929077,-3.452417556949751,-0.07750147513388649,-0.26877397986701124
0.44,-0.7526845932006836,0.008980702608823776,0.42803317308425903,-0.05577221140265465,0.8977076411247253,0.20060895383358002,0.3536357581615448,1.0063729286193848,-3.452417556949751,-0.07750147513388649,-0.26877397986701124
0.45,-0.7689098119735718,0.011621206998825073,0.44174039363861084,-0.05362911894917488,0.9015325307846069,0.20727792382240295,0.3437032103538513,1.0061326026916504,-3.452417556949751,-0.07750147513388649,-0.26877397986701124
0.46,-0.7847894430160522,0.012997198849916458,0.45424944162368774,-0.05171346291899681,0.9050496220588684,0.21228289604187012,0.3357071876525879,1.0079257488250732,-3.452417556949751,-0.07750147513388649,-0.26877397986701124
0.47000000000000003,-0.7996636629104614,0.014741338789463043,0.46629661321640015,-0.05119035765528679,0.908530592918396,0.2180374711751938,0.3283728361129761,1.0091229677200317,-3.452417556949751,-0.07750147513388649,-0.26877397986701124
0.48,-0.8103988766670227,0.016908220946788788,0.4767362177371979,-0.049720246344804764,0.9107705354690552,0.22406446933746338,0.32307615876197815,1.0109484195709229,-3.452417556949751,-0.07750147513388649,-0.26877397986701124
0.49,-0.8203690648078918,0.01909012719988823,0.4863247275352478,-0.04773988947272301,0.9132145047187805,0.22824569046497345,0.3192914128303528,1.0137590169906616,-3.452417556949751,-0.07750147513388649,-0.26877397986701124
0.0,-0.16210034489631653,-0.009092554450035095,-0.07411811500787735,-0.02011483535170555,0.9051732420921326,0.05914212390780449,0.7839507460594177,-0.005117539316415787,-3.2512368752405947,0.031502027554131735,-0.32743640910053756
0.01,-0.044487133622169495,-0.08911930024623871,0.12745174765586853,-0.1215129941701889,0.6506087779998779,-0.13894407451152802,0.649284839630127,0.06264331936836243,-3.2512368752405947,0.031502027554131735,-0.32743640910053756
0.02,-0.18495211005210876,-0.11695672571659088,-0.030295826494693756,0.0010464861989021301,0.751706063747406,-0.07453866302967072,0.6181879043579102,0.2752783000469208,-3.2512368752405947,0.031502027554131735,-0.32743640910053756
0.03,-0.2644199728965759,-0.03281678631901741,-0.06804821640253067,-0.12673939764499664,0.8785585761070251,-0.06726248562335968,0.775664746761322,1.070029616355896,-3.2512368752405947,0.031502027554131735,-0.32743640910053756
0.04,-0.08403701335191727,-0.002504706382751465,-0.02096657082438469,-0.08795611560344696,0.5549853444099426,0.19479088485240936,0.7532567977905273,1.0592173337936401,-3.2512368752405947,0.031502027554131735,-0.32743640910053756
0.05,-0.2416403889656067,0.003707200288772583,0.04078012704849243,-0.20057085156440735,0.6990482211112976,0.2920982837677002,0.6305497884750366,0.8893702626228333,-3.2512368752405947,0.031502027554131735,-0.32743640910053756
0.06,-0.19054469466209412,-0.008518509566783905,-0.030132293701171875,-0.21140599250793457,0.7171422839164734,0.3078323006629944,0.6522060632705688,0.9859204292297363,-3.2512368752405947,0.031502027554131735,-0.32743640910053756
0.07,-0.22604429721832275,0.016809530556201935,0.047629907727241516,-0.18969424068927765,0.6856026649475098,0.3390728831291199,0.6700166463851929,0.9859446883201599,-3.2512368752405947,0.031502027554131735,-0.32743640910053756
0.08,-0.22294184565544128,0.004996940493583679,0.021083705127239227,-0.20747186243534088,0.708747923374176,0.33061233162879944,0.6322311162948608,0.947812020778656,-3.2512368752405947,0.031502027554131735,-0.32743640910053756
0.09,-0.23583051562309265,0.00944608449935913,0.037044886499643326,-0.18903480470180511,0.7091030478477478,0.32711613178253174,0.6447426080703735,0.9725200533866882,-3.2512368752405947,0.031502027554131735,-0.32743640910053756
0.1,-0.2432633936405182,0.008985064923763275,0.040247030556201935,-0.19182555377483368,0.7143794298171997,0.32023492455482483,0.6354303359985352,0.9710823893547058,-3.2512368752405947,0.031502027554131735,-0.32743640910053756
0.11,-0.2519451379776001,0.008781678974628448,0.0473918654024601,-0.18439917266368866,0.7172240614891052,0.31781065464019775,0.6309670805931091,0.972649872303009,-3.2512368752405947,0.031502027554131735,-0.32743640910053756
0.12,-0.2622148394584656,0.0104592964053154,0.052887819707393646,-0.18192575871944427,0.7249240279197693,0.3130474090576172,0.6263524889945984,0.9771594405174255,-3.2512368752405947,0.031502027554131735,-0.32743640910053756
0.13,-0.2702414095401764,0.010173924267292023,0.05875515937805176,-0.17642052471637726,0.7279308438301086,0.30762729048728943,0.6219318509101868,0.9811035990715027,-3.2512368752405947,0.031502027554131735,-0.32743640910053756
0.14,-0.2807420790195465,0.011156834661960602,0.06571951508522034,-0.1724800318479538,0.7342749238014221,0.3030528426170349,0.6167815923690796,0.9846803545951843,-3.2512368752405947,0.031502027554131735,-0.32743640910053756
0.15,-0.2898275852203369,0.011729739606380463,0.07122920453548431,-0.16850467026233673,0.7395956516265869,0.2965683341026306,0.6124158501625061,0.990095317363739,-3.2512368752405947,0.031502027554131735,-0.32743640910053756
0.16,-0.2993663549423218,0.011876627802848816,0.07798533141613007,-0.1642095446586609,0.7446383833885193,0.2910262942314148,0.6079937219619751,0.9941850900650024,-3.2512368752405947,0.031502027554131735,-0.32743640910053756
0.17,-0.309297114610672,0.012667626142501831,0.08431292325258255,-0.1607678085565567,0.7506462931632996,0.285733163356781,0.6033751964569092,0.9989874958992004,-3.2512368752405947,0.031502027554131735,-0.32743640910053756
0.18,-0.3186042606830597,0.013067949563264847,0.09062650799751282,-0.15662525594234467,0.7556938529014587,0.2801797389984131,0.5989483594894409,1.0036052465438843,-3.2512368752405947,0.031502027554131735,-0.32743640910053756
0.19,-0.3283827006816864,0.013606447726488113,0.09710939228534698,-0.15287365019321442,0.761317789554596,0.2748035192489624,0.5943793058395386,1.0081053972244263,-3.2512368752405947,0.031502027554131735,-0.32743640910053756
0.2,-0.33785679936408997,0.014040805399417877,0.10345885157585144,-0.14884141087532043,0.7666317820549011,0.2690637707710266,0.5900977849960327,1.0133495330810547,-3.2512368752405947,0.031502027554131735,-0.32743640910053756
0.21,-0.3474384844303131,0.014532707631587982,0.11000677198171616,-0.14473697543144226,0.7723466753959656,0.26336103677749634,0.5859800577163696,1.0185905694961548,-3.2512368752405947,0.031502027554131735,-0.32743640910053756
0.22,-0.35689589381217957,0.01512061432003975,0.11635059863328934,-0.140529066324234,0.7785441279411316,0.2572576403617859,0.5821495652198792,1.0244675874710083,-3.2512368752405947,0.031502027554131735,-0.32743640910053756
0.23,-0.36582323908805847,0.015157565474510193,0.12270386517047882,-0.13637366890907288,0.7839410305023193,0.2511189579963684,0.5782208442687988,1.0291945934295654,-3.2512368752405947,0.031502027554131735,-0.32743640910053756
0.24,-0.3757189214229584,0.01540439948439598,0.12912198901176453,-0.13258565962314606,0.7903726100921631,0.24508735537528992,0.5746000409126282,1.0352455377578735,-3.2512368752405947,0.031502027554131735,-0.32743640910053756
0.25,-0.38536539673805237,0.015895046293735504,0.1355190873146057,-0.12870614230632782,0.7961961627006531,0.23898805677890778,0.571325957775116,1.0411512851715088,-3.2512368752405947,0.031502027554131735,-0.32743640910053756
0.26,-0.39503514766693115,0.016174323856830597,0.14207905530929565,-0.12469269335269928,0.8016026616096497,0.23277384042739868,0.5677495002746582,1.0457398891448975,-3.2512368752405947,0.031502027554131735,-0.32743640910053756
0.27,-0.405025839805603,0.01620890200138092,0.14856144785881042,-0.12060807645320892,0.8073188066482544,0.22615192830562592,0.564053475856781,1.0504770278930664,-3.2512368752405947,0.031502027554131735,-0.32743640910053756
0.28,-0.41576555371284485,0.01590210199356079,0.15628620982170105,-0.11726076900959015,0.8129134774208069,0.2197757065296173,0.5598552227020264,1.0537201166152954,-3.2512368752405947,0.031502027554131735,-0.32743640910053756
0.29,-0.4263624846935272,0.016045618802309036,0.164048433303833,-0.114659383893013,0.8180002570152283,0.21467530727386475,0.5550559759140015,1.0561727285385132,-3.2512368752405947,0.031502027554131735,-0.32743640910053756
0.3,-0.43756383657455444,0.016422860324382782,0.17393893003463745,-0.11071911454200745,0.8219453692436218,0.2103540152311325,0.5488637685775757,1.0554946660995483,-3.2512368752405947,0.031502027554131735,-0.32743640910053756
0.31,-0.450896680355072,0.016530096530914307,0.18520769476890564,-0.1068568229675293,0.8270108103752136,0.20512448251247406,0.541312038898468,1.0543900728225708,-3.2512368752405947,0.031502027554131735,-0.32743640910053756
0.32,-0.4651743471622467,0.016371674835681915,0.1970004439353943,-0.10343259572982788,0.8325179219245911,0.2004231959581375,0.5335231423377991,1.0541455745697021,-3.2512368752405947,0.031502027554131735,-0.32743640910053756
0.33,-0.4798130691051483,0.015473335981369019,0.20955398678779602,-0.09998220205307007,0.836933434009552,0.19763009250164032,0.524890124797821,1.0521601438522339,-3.2512368752405947,0.031502027554131735,-0.32743640910053756
0.34,-0.49610236287117004,0.015681937336921692,0.22350415587425232,-0.09723244607448578,0.842512309551239,0.19570954144001007,0.5161062479019165,1.0510108470916748,-3.2512368752405947,0.031502027554131735,-0.32743640910053756
0.35000000000000003,-0.5122503638267517,0.01515466719865799,0.2376241683959961,-0.09419150650501251,0.8477626442909241,0.19343023002147675,0.5071110725402832,1.0486061573028564,-3.2512368752405947,0.031502027554131735,-0.32743640910053756
0.36,-0.5305410623550415,0.01524418592453003,0.2534116208553314,-0.09069877862930298,0.8543652892112732,0.190695658326149,0.49805891513824463,1.0476163625717163,-3.2512368752405947,0.031502027554131735,-0.32743640910053756
0.37,-0.5485455989837646,0.014352783560752869,0.26943618059158325,-0.08654218912124634,0.8608794808387756,0.18675406277179718,0.48841652274131775,1.0456743240356445,-3.2512368752405947,0.031502027554131735,-0.32743640910053756
0.38,-0.5690914392471313,0.01323041319847107,0.28592830896377563,-0.081755131483078,0.8670422434806824,0.18142129480838776,0.4771728813648224,1.0448051691055298,-3.2512368752405947,0.031502027554131735,-0.32743640910053756
0.39,-0.591590404510498,0.010903578251600266,0.30315446853637695,-0.07617621123790741,0.8734189867973328,0.1762463003396988,0.4663226008415222,1.0442214012145996,-3.2512368752405947,0.031502027554131735,-0.32743640910053756
0.4,-0.6129714250564575,0.010352224111557007,0.32055655121803284,-0.07132747769355774,0.8787662386894226,0.17265744507312775,0.455636590719223,1.0445748567581177,-3.2512368752405947,0.031502027554131735,-0.32743640910053756
0.41000000000000003,-0.6333026885986328,0.008498921990394592,0.3377074599266052,-0.06989747285842896,0.8826557397842407,0.17140763998031616,0.4423735737800598,1.0411118268966675,-3.2512368752405947,0.031502027554131735,-0.32743640910053756
0.42,-0.6571907997131348,0.008013002574443817,0.35518985986709595,-0.06532406806945801,0.8902440667152405,0.17458829283714294,0.42959749698638916,1.0373409986495972,-3.2512368752405947,0.031502027554131735,-0.32743640910053756
0.43,-0.6829031109809875,0.008613303303718567,0.3739768862724304,-0.06219234690070152,0.8999801278114319,0.17476464807987213,0.41806069016456604,1.0370508432388306,-3.2512368752405947,0.031502027554131735,-0.32743640910053756
0.44,-0.705241322517395,0.007712021470069885,0.3888704776763916,-0.0606931708753109,0.9068351984024048,0.1750914454460144,0.40653955936431885,1.0335088968276978,-3.2512368752405947,0.031502027554131735,-0.32743640910053756
0.45,-0.7265301942825317,0.006696198135614395,0.4039931893348694,-0.05965078994631767,0.9116875529289246,0.17677778005599976,0.3944455087184906,1.029527187347412,-3.2512368752405947,0.031502027554131735,-0.32743640910053756
0.46,-0.7472686171531677,0.0051485709846019745,0.41926687955856323,-0.05973103269934654,0.9147350192070007,0.18275772035121918,0.3816744387149811,1.0276378393173218,-3.2512368752405947,0.031502027554131735,-0.32743640910053756
0.47000000000000003,-0.7664585113525391,0.007509525865316391,0.4341312646865845,-0.05858519300818443,0.919215738773346,0.19391979277133942,0.3718654215335846,1.0289180278778076,-3.2512368752405947,0.031502027554131735,-0.32743640910053756
0.48,-0.7795469164848328,0.010990791022777557,0.4448595643043518,-0.05667745694518089,0.9240971803665161,0.20115907490253448,0.3660578429698944,1.0317730903625488,-3.2512368752405947,0.031502027554131735,-0.32743640910053756
0.49,-0.7903438806533813,0.012906953692436218,0.45356714725494385,-0.05462941154837608,0.9270468354225159,0.20324751734733582,0.3610953986644745,1.033147931098938,-3.2512368752405947,0.031502027554131735,-0.32743640910053756
0.0,-0.20421671867370605,-0.09843339025974274,-0.04479313641786575,-0.028620358556509018,0.8228276968002319,0.021902931854128838,0.6234358549118042,0.15599356591701508,-1.6808699888748444,0.2884894212601966,-0.31458671006239275
0.01,-0.06587891280651093,-0.01610608398914337,-0.08129294961690903,-0.1484925001859665,0.641023576259613,-0.11045853048563004,0.7305287718772888,0.9835605621337891,-1.6808699888748444,0.2884894212601966,-0.31458671006239275
0.02,-0.1735168695449829,-0.030198723077774048,0.11536454409360886,-0.003200773149728775,0.46686917543411255,0.15293549001216888,0.6979430317878723,0.7548824548721313,-1.6808699888748444,0.2884894212601966,-0.31458671006239275
0.03,-0.26386693120002747,0.023220211267471313,-0.0014446675777435303,-0.1964164525270462,0.7151874303817749,0.1583380103111267,0.5939863920211792,0.87556391954422,-1.6808699888748444,0.2884894212601966,-0.31458671006239275
0.04,-0.13590815663337708,-0.03840310499072075,-0.008403301239013672,-0.12831957638263702,0.5817404985427856,0.17135347425937653,0.687627375125885,0.8865417838096619,-1.6808699888748444,0.2884894212601966,-0.31458671006239275
0.05,-0.25227904319763184,0.026702873408794403,0.09276129305362701,-0.1442766785621643,0.6221299171447754,0.22050662338733673,0.6584702730178833,0.856562077999115,-1.6808699888748444,0.2884894212601966,-0.31458671006239275
0.06,-0.19190427660942078,-0.020899061113595963,-0.003342568874359131,-0.15749867260456085,0.6378927826881409,0.1737658828496933,0.6309335827827454,0.8536397814750671,-1.6808699888748444,0.2884894212601966,-0.31458671006239275
0.07,-0.2429688274860382,0.006733965128660202,0.08018556982278824,-0.13084448873996735,0.6226363182067871,0.20105375349521637,0.6567455530166626,0.881281852722168,-1.6808699888748444,0.2884894212601966,-0.31458671006239275
0.08,-0.22976398468017578,-0.0016711428761482239,0.036947403103113174,-0.1450434923171997,0.6522912979125977,0.18168659508228302,0.6316807270050049,0.8593781590461731,-1.6808699888748444,0.2884894212601966,-0.31458671006239275
0.09,-0.24372246861457825,-0.0022224262356758118,0.0650370717048645,-0.13027767837047577,0.6343211531639099,0.1790372133255005,0.6388127207756042,0.8779826164245605,-1.6808699888748444,0.2884894212601966,-0.31458671006239275
0.1,-0.25830182433128357,0.003536604344844818,0.06741522252559662,-0.1309458315372467,0.6556376814842224,0.17991329729557037,0.6283632516860962,0.8685417771339417,-1.6808699888748444,0.2884894212601966,-0.31458671006239275
0.11,-0.25864773988723755,-0.0008392743766307831,0.0644516572356224,-0.12755192816257477,0.6534489989280701,0.16670088469982147,0.6260169744491577,0.8779295682907104,-1.6808699888748444,0.2884894212601966,-0.31458671006239275
0.12,-0.27479761838912964,0.0031744278967380524,0.08099760860204697,-0.12026339769363403,0.6586854457855225,0.1675582379102707,0.6224218010902405,0.8751705884933472,-1.6808699888748444,0.2884894212601966,-0.31458671006239275
0.13,-0.28173398971557617,0.002402864396572113,0.07911540567874908,-0.12074244022369385,0.6672181487083435,0.15860889852046967,0.6140301823616028,0.8773096203804016,-1.6808699888748444,0.2884894212601966,-0.31458671006239275
0.14,-0.2909683883190155,0.0025720782577991486,0.088164322078228,-0.11461681127548218,0.6684617400169373,0.15521512925624847,0.6118018627166748,0.8792913556098938,-1.6808699888748444,0.2884894212601966,-0.31458671006239275
0.15,-0.3029429316520691,0.0043746232986450195,0.09550632536411285,-0.11264324188232422,0.6758579015731812,0.15101294219493866,0.6044566631317139,0.8784839510917664,-1.6808699888748444,0.2884894212601966,-0.31458671006239275
0.16,-0.310224711894989,0.0036859996616840363,0.0995531752705574,-0.10910205543041229,0.6796011328697205,0.14477373659610748,0.5990084409713745,0.8798367977142334,-1.6808699888748444,0.2884894212601966,-0.31458671006239275
0.17,-0.32130908966064453,0.005163475871086121,0.10758719593286514,-0.10482950508594513,0.6849239468574524,0.14039374887943268,0.5944961309432983,0.8815916180610657,-1.6808699888748444,0.2884894212601966,-0.31458671006239275
0.18,-0.3296830356121063,0.005000125616788864,0.11274693161249161,-0.10111486911773682,0.6895886063575745,0.1342102736234665,0.5886371731758118,0.8817839622497559,-1.6808699888748444,0.2884894212601966,-0.31458671006239275
0.19,-0.33931830525398254,0.004869326949119568,0.11963946372270584,-0.0980193167924881,0.6934633255004883,0.12931890785694122,0.5834190845489502,0.8824144005775452,-1.6808699888748444,0.2884894212601966,-0.31458671006239275
0.2,-0.34830719232559204,0.004438456147909164,0.12599511444568634,-0.09621073305606842,0.6975322365760803,0.1255941092967987,0.5777193903923035,0.8816392421722412,-1.6808699888748444,0.2884894212601966,-0.31458671006239275
0.21,-0.3573475778102875,0.004142187535762787,0.13236665725708008,-0.09454689919948578,0.7012491822242737,0.12261970341205597,0.5722314119338989,0.8814575672149658,-1.6808699888748444,0.2884894212601966,-0.31458671006239275
0.22,-0.36647823452949524,0.004075143486261368,0.1389242708683014,-0.09290702641010284,0.7053050398826599,0.11995600908994675,0.5667530298233032,0.8812019228935242,-1.6808699888748444,0.2884894212601966,-0.31458671006239275
0.23,-0.3747238218784332,0.004107840359210968,0.14512363076210022,-0.0907861590385437,0.708757221698761,0.11616580933332443,0.5614192485809326,0.8815274834632874,-1.6808699888748444,0.2884894212601966,-0.31458671006239275
0.24,-0.3841935098171234,0.0039059408009052277,0.15235967934131622,-0.08804060518741608,0.7125563621520996,0.1116739809513092,0.5560237169265747,0.8817804455757141,-1.6808699888748444,0.2884894212601966,-0.31458671006239275
0.25,-0.3941217362880707,0.003249984234571457,0.15982681512832642,-0.08566915988922119,0.7165089249610901,0.10696463286876678,0.5500775575637817,0.881546676158905,-1.6808699888748444,0.2884894212601966,-0.31458671006239275
0.26,-0.4048716127872467,0.0035410411655902863,0.16665223240852356,-0.08232775330543518,0.7201066613197327,0.10219518840312958,0.5431747436523438,0.8827161192893982,-1.6808699888748444,0.2884894212601966,-0.31458671006239275
0.27,-0.415158212184906,0.0038445815443992615,0.1731933355331421,-0.07807888090610504,0.7251538038253784,0.09607645869255066,0.5368983745574951,0.8849889039993286,-1.6808699888748444,0.2884894212601966,-0.31458671006239275
0.28,-0.42523375153541565,0.004543371498584747,0.18048939108848572,-0.07225450873374939,0.7288339734077454,0.08932920545339584,0.5310078859329224,0.885587751865387,-1.6808699888748444,0.2884894212601966,-0.31458671006239275
0.29,-0.43608030676841736,0.0047184377908706665,0.1888122856616974,-0.06526497006416321,0.7311417460441589,0.08293841779232025,0.5230644345283508,0.8850896954536438,-1.6808699888748444,0.2884894212601966,-0.31458671006239275
0.3,-0.4493815004825592,0.0048555657267570496,0.19899716973304749,-0.05902926251292229,0.7344339489936829,0.0766114890575409,0.5141862630844116,0.8863028287887573,-1.6808699888748444,0.2884894212601966,-0.31458671006239275
0.31,-0.4613276422023773,0.0052831657230854034,0.20773684978485107,-0.05310633406043053,0.7367399334907532,0.07164383679628372,0.504767119884491,0.8866880536079407,-1.6808699888748444,0.2884894212601966,-0.31458671006239275
0.32,-0.47378212213516235,0.005508735775947571,0.21658241748809814,-0.047741543501615524,0.7396932244300842,0.06666868180036545,0.49545732140541077,0.8882645964622498,-1.6808699888748444,0.2884894212601966,-0.31458671006239275
0.33,-0.48615506291389465,0.0056864358484745026,0.2251085638999939,-0.04220264032483101,0.7424244284629822,0.061930857598781586,0.4868791997432709,0.8900250792503357,-1.6808699888748444,0.2884894212601966,-0.31458671006239275
0.34,-0.49934425950050354,0.005621634423732758,0.2344437539577484,-0.037605170160532,0.7469623684883118,0.05752722918987274,0.47884878516197205,0.8923719525337219,-1.6808699888748444,0.2884894212601966,-0.31458671006239275
0.35000000000000003,-0.5113949775695801,0.005734872072935104,0.24295076727867126,-0.03308466821908951,0.7503815293312073,0.05345926806330681,0.47114524245262146,0.8940160870552063,-1.6808699888748444,0.2884894212601966,-0.31458671006239275
0.36,-0.5239019393920898,0.005754102021455765,0.25159960985183716,-0.0283493809401989,0.754217803478241,0.04890066012740135,0.463415265083313,0.8958765864372253,-1.6808699888748444,0.2884894212601966,-0.31458671006239275
0.37,-0.5347853302955627,0.005888663232326508,0.260102242231369,-0.0249161534011364,0.7578938603401184,0.04268254339694977,0.45639950037002563,0.8969219326972961,-1.6808699888748444,0.2884894212601966,-0.31458671006239275
0.38,-0.5437929630279541,0.00449206680059433,0.26829972863197327,-0.02181258052587509,0.7597770094871521,0.03682555630803108,0.44947487115859985,0.8952372670173645,-1.6808699888748444,0.2884894212601966,-0.31458671006239275
0.39,-0.5552798509597778,0.003411419689655304,0.276935338973999,-0.01971019059419632,0.7631815075874329,0.032879773527383804,0.44276168942451477,0.8940809369087219,-1.6808699888748444,0.2884894212601966,-0.31458671006239275
0.4,-0.5650819540023804,0.0028832517564296722,0.283926397562027,-0.019535865634679794,0.7667657732963562,0.030170416459441185,0.4364718198776245,0.8925678133964539,-1.6808699888748444,0.2884894212601966,-0.31458671006239275
0.41000000000000003,-0.5738465785980225,0.001773584634065628,0.28983503580093384,-0.018257204443216324,0.7690287828445435,0.02864249236881733,0.4299997389316559,0.8902553915977478,-1.6808699888748444,0.2884894212601966,-0.31458671006239275
0.42,-0.5831823348999023,0.0015272721648216248,0.2957756817340851,-0.01791386306285858,0.7740421891212463,0.026681868359446526,0.424617201089859,0.8896169662475586,-1.6808699888748444,0.2884894212601966,-0.31458671006239275
0.43,-0.5895840525627136,0.0011340565979480743,0.2997509837150574,-0.01679161563515663,0.7780115008354187,0.024456260725855827,0.4203953146934509,0.8875365853309631,-1.6808699888748444,0.2884894212601966,-0.31458671006239275
0.44,-0.5961149334907532,0.0010537952184677124,0.30420368909835815,-0.014836151152849197,0.7823413014411926,0.02101746015250683,0.4166680872440338,0.8868013024330139,-1.6808699888748444,0.2884894212601966,-0.31458671006239275
0.45,-0.6003786325454712,0.0006864331662654877,0.3076557219028473,-0.013276137411594391,0.7858077883720398,0.015963835641741753,0.4137398302555084,0.8860123157501221,-1.6808699888748444,0.2884894212601966,-0.31458671006239275
0.46,-0.6038930416107178,-0.0002911128103733063,0.3107020854949951,-0.011567991226911545,0.7886064648628235,0.01031152717769146,0.4113214910030365,0.8857232928276062,-1.6808699888748444,0.2884894212601966,-0.31458671006239275
0.47000000000000003,-0.6069550514221191,-0.0006903894245624542,0.313168466091156,-0.010513581335544586,0.7913318276405334,0.004966242238879204,0.40981003642082214,0.8859867453575134,-1.6808699888748444,0.2884894212601966,-0.31458671006239275
0.48,-0.6068359613418579,-0.0013079717755317688,0.31261032819747925,-0.009461086243391037,0.7925818562507629,0.0003330910112708807,0.4105244278907776,0.8876531720161438,-1.6808699888748444,0.2884894212601966,-0.31458671006239275
0.49,-0.6059637069702148,-0.0008514374494552612,0.31196489930152893,-0.006856471300125122,0.794074296951294,-0.003984557464718819,0.4132966101169586,0.891556978225708,-1.6808699888748444,0.2884894212601966,-0.31458671006239275
0.0,-0.18190115690231323,-0.01805691048502922,-0.04969640076160431,-0.02522844448685646,0.8395289778709412,0.06674031913280487,0.713958740234375,0.00015443935990333557,-2.9159972158901666,0.018801775863384242,-0.2507468642888493
0.01,-0.07697811722755432,-0.07293826341629028,0.0937376618385315,-0.13849036395549774,0.6204491257667542,-0.09864166378974915,0.6236206889152527,0.09823273122310638,-2.9159972158901666,0.018801775863384242,-0.2507468642888493
0.02,-0.1847267746925354,-0.11420348286628723,-0.04693423956632614,-0.04676838591694832,0.7186136841773987,-0.01655052974820137,0.5887413620948792,0.40927237272262573,-2.9159972158901666,0.018801775863384242,-0.2507468642888493
0.03,-0.23657453060150146,0.0016149654984474182,-0.047414399683475494,-0.15136174857616425,0.7798149585723877,0.055368632078170776,0.7192003726959229,1.140243411064148,-2.9159972158901666,0.018801775863384242,-0.2507468642888493
0.04,-0.13233885169029236,-0.011199675500392914,0.03058597445487976,-0.12267647683620453,0.5454856157302856,0.24864405393600464,0.6802283525466919,0.9462555050849915,-2.9159972158901666,0.018801775863384242,-0.2507468642888493
0.05,-0.2550811767578125,0.01809583604335785,0.04297817498445511,-0.21543769538402557,0.6849002242088318,0.31554824113845825,0.5799866914749146,0.8623602986335754,-2.9159972158901666,0.018801775863384242,-0.2507468642888493
0.06,-0.2093695104122162,0.002256162464618683,0.008522477000951767,-0.1822556108236313,0.6644428968429565,0.296655535697937,0.6060707569122314,0.942901074886322,-2.9159972158901666,0.018801775863384242,-0.2507468642888493
0.07,-0.24408811330795288,0.015975385904312134,0.057565487921237946,-0.1807386726140976,0.6656977534294128,0.3111204504966736,0.6103009581565857,0.9318022131919861,-2.9159972158901666,0.018801775863384242,-0.2507468642888493
0.08,-0.23947790265083313,0.009428001940250397,0.040378641337156296,-0.186667338013649,0.6747077107429504,0.3028126358985901,0.5908670425415039,0.9229177832603455,-2.9159972158901666,0.018801775863384242,-0.2507468642888493
0.09,-0.25479206442832947,0.013021990656852722,0.05734759196639061,-0.1729968637228012,0.675818681716919,0.30087578296661377,0.5925177335739136,0.9311164021492004,-2.9159972158901666,0.018801775863384242,-0.2507468642888493
0.1,-0.26256197690963745,0.013167347759008408,0.05775294080376625,-0.17418591678142548,0.6851229071617126,0.29254740476608276,0.5846593379974365,0.935066819190979,-2.9159972158901666,0.018801775863384242,-0.2507468642888493
0.11,-0.27069467306137085,0.013017062097787857,0.06490663439035416,-0.16671724617481232,0.6869388222694397,0.28736257553100586,0.5825680494308472,0.9401302933692932,-2.9159972158901666,0.018801775863384242,-0.2507468642888493
0.12,-0.2816685736179352,0.014425422996282578,0.07136783003807068,-0.16519545018672943,0.6945909857749939,0.28275540471076965,0.577286958694458,0.9437636733055115,-2.9159972158901666,0.018801775863384242,-0.2507468642888493
0.13,-0.28992825746536255,0.014713279902935028,0.07667967677116394,-0.16099923849105835,0.6988028883934021,0.27691450715065,0.5734528303146362,0.9488840103149414,-2.9159972158901666,0.018801775863384242,-0.2507468642888493
0.14,-0.2998996675014496,0.015489675104618073,0.08351203054189682,-0.1576867252588272,0.7044028043746948,0.2721502482891083,0.5691389441490173,0.9525692462921143,-2.9159972158901666,0.018801775863384242,-0.2507468642888493
0.15,-0.3089996874332428,0.016067802906036377,0.0889483317732811,-0.15456140041351318,0.7097412943840027,0.26666247844696045,0.5647768974304199,0.9574198722839355,-2.9159972158901666,0.018801775863384242,-0.2507468642888493
0.16,-0.31825417280197144,0.016543209552764893,0.09520137310028076,-0.1508316695690155,0.7146713137626648,0.2615017890930176,0.5606926083564758,0.9617512822151184,-2.9159972158901666,0.018801775863384242,-0.2507468642888493
0.17,-0.327510267496109,0.01693369820713997,0.10103603452444077,-0.1470775455236435,0.7202214598655701,0.2561148405075073,0.5563828349113464,0.966525137424469,-2.9159972158901666,0.018801775863384242,-0.2507468642888493
0.18,-0.33653339743614197,0.017131395637989044,0.1072331890463829,-0.14304696023464203,0.725334882736206,0.2506655156612396,0.5522194504737854,0.9707736372947693,-2.9159972158901666,0.018801775863384242,-0.2507468642888493
0.19,-0.34576931595802307,0.01740241050720215,0.11333967000246048,-0.13932392001152039,0.7307518124580383,0.2452903836965561,0.5478495955467224,0.9749506115913391,-2.9159972158901666,0.018801775863384242,-0.2507468642888493
0.2,-0.3549099564552307,0.01742246001958847,0.11947677284479141,-0.13564135134220123,0.7358514666557312,0.24004580080509186,0.5432968139648438,0.977601945400238,-2.9159972158901666,0.018801775863384242,-0.2507468642888493
0.21,-0.36469998955726624,0.01755039393901825,0.12573093175888062,-0.13231335580348969,0.7413151860237122,0.23469428718090057,0.5387755632400513,0.9801599383354187,-2.9159972158901666,0.018801775863384242,-0.2507468642888493
0.22,-0.374465674161911,0.017598696053028107,0.13211515545845032,-0.12867926061153412,0.7465203404426575,0.2289874255657196,0.5347180366516113,0.9828723073005676,-2.9159972158901666,0.018801775863384242,-0.2507468642888493
0.23,-0.38465991616249084,0.017631128430366516,0.1391952633857727,-0.12543125450611115,0.7528740167617798,0.22305496037006378,0.5305908918380737,0.9860047698020935,-2.9159972158901666,0.018801775863384242,-0.2507468642888493
0.24,-0.3951685130596161,0.017347075045108795,0.14696374535560608,-0.12175644934177399,0.7585626244544983,0.21700885891914368,0.5257837176322937,0.988596498966217,-2.9159972158901666,0.018801775863384242,-0.2507468642888493
0.25,-0.4064093232154846,0.017556950449943542,0.15650084614753723,-0.11759322881698608,0.7637740969657898,0.2117999643087387,0.5197340846061707,0.9888749718666077,-2.9159972158901666,0.018801775863384242,-0.2507468642888493
0.26,-0.4182989001274109,0.017442848533391953,0.16640126705169678,-0.11378428339958191,0.7693731188774109,0.20629139244556427,0.5126188397407532,0.9887300729751587,-2.9159972158901666,0.018801775863384242,-0.2507468642888493
0.27,-0.4305048882961273,0.017889611423015594,0.17626428604125977,-0.10962089896202087,0.7745578289031982,0.20082038640975952,0.5052439570426941,0.988024890422821,-2.9159972158901666,0.018801775863384242,-0.2507468642888493
0.28,-0.4419748783111572,0.017784621566534042,0.1858747899532318,-0.10509790480136871,0.7793813347816467,0.19458618760108948,0.49818530678749084,0.9865713715553284,-2.9159972158901666,0.018801775863384242,-0.2507468642888493
0.29,-0.45460453629493713,0.01770474761724472,0.1960519254207611,-0.10103665292263031,0.7847768664360046,0.1887921690940857,0.49097225069999695,0.9857608675956726,-2.9159972158901666,0.018801775863384242,-0.2507468642888493
0.3,-0.46826109290122986,0.016642551869153976,0.20748686790466309,-0.09731073677539825,0.7898082733154297,0.18442867696285248,0.48344239592552185,0.9838898181915283,-2.9159972158901666,0.018801775863384242,-0.2507468642888493
0.31,-0.48351743817329407,0.016066692769527435,0.22050631046295166,-0.09344600141048431,0.7950834631919861,0.1817695051431656,0.4758860170841217,0.9817762970924377,-2.9159972158901666,0.018801775863384242,-0.2507468642888493
0.32,-0.4993857443332672,0.015490759164094925,0.23402610421180725,-0.08970227837562561,0.8008055090904236,0.178913876414299,0.46780523657798767,0.9796473383903503,-2.9159972158901666,0.018801775863384242,-0.2507468642888493
0.33,-0.5163710713386536,0.01503404974937439,0.24829459190368652,-0.0858599990606308,0.806949257850647,0.17573000490665436,0.4597461223602295,0.9779248237609863,-2.9159972158901666,0.018801775863384242,-0.2507468642888493
0.34,-0.5344424247741699,0.014378730207681656,0.26296648383140564,-0.08136455714702606,0.8125497698783875,0.17153704166412354,0.45019346475601196,0.9763435125350952,-2.9159972158901666,0.018801775863384242,-0.2507468642888493
0.35000000000000003,-0.5539914965629578,0.013678543269634247,0.27823030948638916,-0.07683120667934418,0.8183321952819824,0.16707471013069153,0.43948325514793396,0.9752093553543091,-2.9159972158901666,0.018801775863384242,-0.2507468642888493
0.36,-0.5739721655845642,0.012140996754169464,0.2939554452896118,-0.07321527600288391,0.8235756754875183,0.1631389558315277,0.4274456799030304,0.9735045433044434,-2.9159972158901666,0.018801775863384242,-0.2507468642888493
0.37,-0.5936264395713806,0.01132318377494812,0.3104388415813446,-0.06920483708381653,0.828560471534729,0.16110312938690186,0.4153226315975189,0.9718875288963318,-2.9159972158901666,0.018801775863384242,-0.2507468642888493
0.38,-0.6151456832885742,0.01036694273352623,0.3278980851173401,-0.06496697664260864,0.8339517712593079,0.15925294160842896,0.4033557176589966,0.9708743691444397,-2.9159972158901666,0.018801775863384242,-0.2507468642888493
0.39,-0.6409049034118652,0.010030429810285568,0.3477223813533783,-0.061241235584020615,0.8422892689704895,0.15835045278072357,0.39070746302604675,0.9696106910705566,-2.9159972158901666,0.018801775863384242,-0.2507468642888493
0.4,-0.6683527231216431,0.008997887372970581,0.3688925504684448,-0.059414368122816086,0.8522459268569946,0.15787239372730255,0.37707898020744324,0.9658715128898621,-2.9159972158901666,0.018801775863384242,-0.2507468642888493
0.41000000000000003,-0.6907907128334045,0.007223974913358688,0.3821558356285095,-0.06129845604300499,0.8568421602249146,0.15987153351306915,0.36276015639305115,0.9609882235527039,-2.9159972158901666,0.018801775863384242,-0.2507468642888493
0.42,-0.7095363140106201,0.0073358528316020966,0.3963072896003723,-0.05999941751360893,0.8606485724449158,0.1679159253835678,0.3519302010536194,0.9605180621147156,-2.9159972158901666,0.018801775863384242,-0.2507468642888493
0.43,-0.7265152335166931,0.0096592977643013,0.4099004864692688,-0.05897941812872887,0.8665046691894531,0.17445151507854462,0.3441694378852844,0.963047981262207,-2.9159972158901666,0.018801775863384242,-0.2507468642888493
0.44,-0.7379614114761353,0.01089673861861229,0.4188636839389801,-0.05786597356200218,0.8694510459899902,0.17819038033485413,0.3382028341293335,0.9644835591316223,-2.9159972158901666,0.018801775863384242,-0.2507468642888493
0.45,-0.7496694922447205,0.012299437075853348,0.4281828999519348,-0.05625273659825325,0.8720788359642029,0.18100374937057495,0.3331230580806732,0.9667549729347229,-2.9159972158901666,0.018801775863384242,-0.2507468642888493
0.46,-0.7607905864715576,0.012877676635980606,0.43710047006607056,-0.05554598197340965,0.8745260834693909,0.18351508677005768,0.3282874524593353,0.9679268598556519,-2.9159972158901666,0.018801775863384242,-0.2507468642888493
0.47000000000000003,-0.7703549265861511,0.013417825102806091,0.4450136423110962,-0.05486636236310005,0.8765228390693665,0.18665073812007904,0.3240607976913452,0.9692568778991699,-2.9159972158901666,0.018801775863384242,-0.2507468642888493
0.48,-0.7789565920829773,0.014521311968564987,0.4528825879096985,-0.05382898077368736,0.8786776661872864,0.18947851657867432,0.3207952678203583,0.9717556834220886,-2.9159972158901666,0.018801775863384242,-0.2507468642888493
0.49,-0.786541223526001,0.015116274356842041,0.4598206877708435,-0.053506653755903244,0.8809091448783875,0.191140279173851,0.3177327811717987,0.9732968807220459,-2.9159972158901666,0.018801775863384242,-0.2507468642888493
0.0,-0.23704564571380615,-0.0293937548995018,-0.017879784107208252,-0.05428687110543251,0.857681393623352,0.0950283408164978,0.725035548210144,0.011268187314271927,-3.0417852250484714,-0.1765835732885107,-0.2695404768235318
0.01,-0.13492605090141296,-0.06995683908462524,0.05298449471592903,-0.2236151248216629,0.6458499431610107,-0.008998878300189972,0.6607179641723633,0.21505071222782135,-3.0417852250484714,-0.1765835732885107,-0.2695404768235318
0.02,-0.16488635540008545,-0.12318616360425949,-0.09378970414400101,-0.1651650071144104,0.7043440937995911,0.154292032122612,0.6017415523529053,0.6914833784103394,-3.0417852250484714,-0.1765835732885107,-0.2695404768235318
0.03,-0.25842583179473877,0.05814458429813385,0.030712392181158066,-0.23225416243076324,0.7128362059593201,0.31985166668891907,0.7118464708328247,1.0847728252410889,-3.0417852250484714,-0.1765835732885107,-0.2695404768235318
0.04,-0.17438003420829773,-0.039768338203430176,0.02894718013703823,-0.24044929444789886,0.6056064963340759,0.34359002113342285,0.6141747236251831,0.8848339319229126,-3.0417852250484714,-0.1765835732885107,-0.2695404768235318
0.05,-0.2629435956478119,0.02114073932170868,0.05494169890880585,-0.24913467466831207,0.6971033215522766,0.40150314569473267,0.6088457107543945,0.8920336365699768,-3.0417852250484714,-0.1765835732885107,-0.2695404768235318
0.06,-0.22771158814430237,-0.003680281341075897,0.02763563208281994,-0.23602081835269928,0.6691257953643799,0.3433153033256531,0.606027364730835,0.9276085495948792,-3.0417852250484714,-0.1765835732885107,-0.2695404768235318
0.07,-0.25817206501960754,0.0023331232368946075,0.062287651002407074,-0.227167546749115,0.6775449514389038,0.3643779754638672,0.603411078453064,0.9103007912635803,-3.0417852250484714,-0.1765835732885107,-0.2695404768235318
0.08,-0.26046431064605713,0.005535036325454712,0.05074488744139671,-0.23199854791164398,0.6920915842056274,0.3522729277610779,0.5935174822807312,0.9223891496658325,-3.0417852250484714,-0.1765835732885107,-0.2695404768235318
0.09,-0.2674300968647003,0.001986190676689148,0.06375215947628021,-0.21846343576908112,0.6851104497909546,0.3464898467063904,0.5935882925987244,0.9252862930297852,-3.0417852250484714,-0.1765835732885107,-0.2695404768235318
0.1,-0.2799248695373535,0.004868127405643463,0.06862851977348328,-0.22022953629493713,0.6971160173416138,0.3450509309768677,0.5856119394302368,0.925689160823822,-3.0417852250484714,-0.1765835732885107,-0.2695404768235318
0.11,-0.2869613766670227,0.004656758159399033,0.07403719425201416,-0.21332190930843353,0.6983620524406433,0.33910858631134033,0.5815825462341309,0.9321056008338928,-3.0417852250484714,-0.1765835732885107,-0.2695404768235318
0.12,-0.29697251319885254,0.005146771669387817,0.08094479143619537,-0.21008120477199554,0.7039361596107483,0.3349608778953552,0.5767432451248169,0.9346550107002258,-3.0417852250484714,-0.1765835732885107,-0.2695404768235318
0.13,-0.3052980303764343,0.005697533488273621,0.08635691553354263,-0.20603273808956146,0.7079461812973022,0.33006295561790466,0.5720074772834778,0.9392320513725281,-3.0417852250484714,-0.1765835732885107,-0.2695404768235318
0.14,-0.313886433839798,0.005971614271402359,0.09253132343292236,-0.20111317932605743,0.7119985222816467,0.3253854215145111,0.5675203800201416,0.9432083964347839,-3.0417852250484714,-0.1765835732885107,-0.2695404768235318
0.15,-0.3222559988498688,0.006482459604740143,0.09758541733026505,-0.19677670300006866,0.7166038155555725,0.32003021240234375,0.5635004043579102,0.948087751865387,-3.0417852250484714,-0.1765835732885107,-0.2695404768235318
0.16,-0.3310157358646393,0.006897173821926117,0.1035785973072052,-0.1918419450521469,0.7208971381187439,0.3147299885749817,0.55938720703125,0.9528050422668457,-3.0417852250484714,-0.1765835732885107,-0.2695404768235318
0.17,-0.34019210934638977,0.007426954805850983,0.10954485833644867,-0.18702740967273712,0.7259722948074341,0.3089222311973572,0.5554379224777222,0.9583349823951721,-3.0417852250484714,-0.1765835732885107,-0.2695404768235318
0.18,-0.3490239083766937,0.007874079048633575,0.11519227176904678,-0.18258947134017944,0.7312275767326355,0.30250978469848633,0.552475094795227,0.9645515084266663,-3.0417852250484714,-0.1765835732885107,-0.2695404768235318
0.19,-0.35915687680244446,0.007725689560174942,0.1219705194234848,-0.1782301366329193,0.7362597584724426,0.29636162519454956,0.5490174293518066,0.9704530835151672,-3.0417852250484714,-0.1765835732885107,-0.2695404768235318
0.2,-0.36981001496315,0.008073292672634125,0.12894952297210693,-0.17399099469184875,0.7420135736465454,0.2910420894622803,0.5454334020614624,0.9771729111671448,-3.0417852250484714,-0.1765835732885107,-0.2695404768235318
0.21,-0.3806905150413513,0.008886434137821198,0.13763761520385742,-0.16841615736484528,0.7463647723197937,0.28612983226776123,0.540912926197052,0.9813196063041687,-3.0417852250484714,-0.1765835732885107,-0.2695404768235318
0.22,-0.3927081823348999,0.00905754417181015,0.14647957682609558,-0.16309383511543274,0.7517951726913452,0.2801690101623535,0.535506010055542,0.9844706654548645,-3.0417852250484714,-0.1765835732885107,-0.2695404768235318
0.23,-0.40470829606056213,0.009283162653446198,0.15589049458503723,-0.1577293574810028,0.7569509148597717,0.2744683027267456,0.5300527811050415,0.9874801635742188,-3.0417852250484714,-0.1765835732885107,-0.2695404768235318
0.24,-0.4168243706226349,0.00900142639875412,0.1659739911556244,-0.15295185148715973,0.7620889544487,0.26908934116363525,0.5238965749740601,0.9876160025596619,-3.0417852250484714,-0.1765835732885107,-0.2695404768235318
0.25,-0.42908015847206116,0.009011182934045792,0.17590543627738953,-0.14787538349628448,0.7675591111183167,0.26377058029174805,0.5173081755638123,0.9886078834533691,-3.0417852250484714,-0.1765835732885107,-0.2695404768235318
0.26,-0.44136902689933777,0.009128563106060028,0.18607914447784424,-0.14330638945102692,0.7732256054878235,0.2585605978965759,0.5108683705329895,0.9897658228874207,-3.0417852250484714,-0.1765835732885107,-0.2695404768235318
0.27,-0.45341697335243225,0.009172052145004272,0.19611996412277222,-0.13858579099178314,0.7784741520881653,0.2534792125225067,0.5042912364006042,0.9904670119285583,-3.0417852250484714,-0.1765835732885107,-0.2695404768235318
0.28,-0.4663389027118683,0.009575139731168747,0.2065248191356659,-0.13327287137508392,0.7839431762695312,0.24832116067409515,0.49758532643318176,0.9915884733200073,-3.0417852250484714,-0.1765835732885107,-0.2695404768235318
0.29,-0.47890588641166687,0.009624458849430084,0.21715489029884338,-0.12810979783535004,0.7888354659080505,0.2426391988992691,0.4909207820892334,0.9916673898696899,-3.0417852250484714,-0.1765835732885107,-0.2695404768235318
0.3,-0.4925144910812378,0.009444452822208405,0.22829121351242065,-0.1232326328754425,0.7944546341896057,0.2374029904603958,0.4838089048862457,0.9915656447410583,-3.0417852250484714,-0.1765835732885107,-0.2695404768235318
0.31,-0.5068941712379456,0.00937994197010994,0.24033740162849426,-0.11897093057632446,0.8003615736961365,0.23260192573070526,0.4767194390296936,0.9919236302375793,-3.0417852250484714,-0.1765835732885107,-0.2695404768235318
0.32,-0.5213047862052917,0.007885649800300598,0.252993106842041,-0.11436042189598083,0.8043071627616882,0.2290293276309967,0.46910470724105835,0.9895138740539551,-3.0417852250484714,-0.1765835732885107,-0.2695404768235318
0.33,-0.5398367643356323,0.007591903209686279,0.2685503661632538,-0.10958786308765411,0.8115459084510803,0.22635744512081146,0.46154844760894775,0.9898821711540222,-3.0417852250484714,-0.1765835732885107,-0.2695404768235318
0.34,-0.5576642155647278,0.006516586989164352,0.28355684876441956,-0.10461439192295074,0.8169265389442444,0.2220035046339035,0.4527035057544708,0.9905012845993042,-3.0417852250484714,-0.1765835732885107,-0.2695404768235318
0.35000000000000003,-0.5767256617546082,0.005805321037769318,0.2987772524356842,-0.09926438331604004,0.822786271572113,0.2182924896478653,0.44311437010765076,0.9911960363388062,-3.0417852250484714,-0.1765835732885107,-0.2695404768235318
0.36,-0.5963374972343445,0.00586976483464241,0.3143671154975891,-0.09407885372638702,0.8294147253036499,0.21446393430233002,0.4343976378440857,0.9927384853363037,-3.0417852250484714,-0.1765835732885107,-0.2695404768235318
0.37,-0.6131637096405029,0.005384385585784912,0.3266390860080719,-0.09028208255767822,0.8349371552467346,0.2098223716020584,0.42548349499702454,0.9909473657608032,-3.0417852250484714,-0.1765835732885107,-0.2695404768235318
0.38,-0.6314368844032288,0.004604775458574295,0.3402663469314575,-0.08573779463768005,0.8411394357681274,0.20519377291202545,0.41647833585739136,0.9904983639717102,-3.0417852250484714,-0.1765835732885107,-0.2695404768235318
0.39,-0.6522632241249084,0.004204336553812027,0.3552092909812927,-0.08193919062614441,0.8477028012275696,0.2005854696035385,0.40703102946281433,0.9904384613037109,-3.0417852250484714,-0.1765835732885107,-0.2695404768235318
0.4,-0.6740293502807617,0.002817068248987198,0.36837631464004517,-0.07928481698036194,0.8525492548942566,0.19849608838558197,0.3958481252193451,0.9881325364112854,-3.0417852250484714,-0.1765835732885107,-0.2695404768235318
0.41000000000000003,-0.6962798833847046,0.003151513636112213,0.3809966444969177,-0.07667219638824463,0.8602582812309265,0.20069152116775513,0.3855527341365814,0.9874795079231262,-3.0417852250484714,-0.1765835732885107,-0.2695404768235318
0.42,-0.7138441801071167,0.00369199737906456,0.39317524433135986,-0.07616758346557617,0.8660852909088135,0.20266716182231903,0.37720945477485657,0.9885703921318054,-3.0417852250484714,-0.1765835732885107,-0.2695404768235318
0.43,-0.7283438444137573,0.003656279295682907,0.40444403886795044,-0.07561790943145752,0.8696672320365906,0.20655272901058197,0.3693556487560272,0.9883107542991638,-3.0417852250484714,-0.1765835732885107,-0.2695404768235318
0.44,-0.7432112693786621,0.004809390753507614,0.4161548912525177,-0.07360714673995972,0.8742336630821228,0.2116285115480423,0.36255770921707153,0.9906144142150879,-3.0417852250484714,-0.1765835732885107,-0.2695404768235318
0.45,-0.7562273740768433,0.006264586001634598,0.4264928698539734,-0.07200685143470764,0.8786484599113464,0.21491274237632751,0.3570193946361542,0.9931226372718811,-3.0417852250484714,-0.1765835732885107,-0.2695404768235318
0.46,-0.7675236463546753,0.0073530301451683044,0.43533092737197876,-0.07073327898979187,0.8820597529411316,0.21712160110473633,0.351241797208786,0.9942771792411804,-3.0417852250484714,-0.1765835732885107,-0.2695404768235318
0.47000000000000003,-0.7789504528045654,0.008170392364263535,0.44424840807914734,-0.06893479824066162,0.8853997588157654,0.21883773803710938,0.3457176983356476,0.9950115084648132,-3.0417852250484714,-0.1765835732885107,-0.2695404768235318
0.48,-0.7910856008529663,0.008586227893829346,0.4533986747264862,-0.06762261688709259,0.8891755938529968,0.22017964720726013,0.3401099145412445,0.9957127571105957,-3.0417852250484714,-0.1765835732885107,-0.2695404768235318
0.49,-0.8024122714996338,0.008832771331071854,0.4619354009628296,-0.06665319204330444,0.8924961686134338,0.22195404767990112,0.33473077416419983,0.9959964156150818,-3.0417852250484714,-0.1765835732885107,-0.2695404768235318
0.0,-0.21214914321899414,-0.020626433193683624,-0.03715283423662186,-0.04351233318448067,0.8748388886451721,0.08414199203252792,0.7482678890228271,0.004546802490949631,-3.1506526145971403,-0.11699503634114118,-0.2885007584002664
0.01,-0.09442458301782608,-0.07481539249420166,0.07751410454511642,-0.18359340727329254,0.6361426115036011,-0.054562341421842575,0.6463422179222107,0.12466815114021301,-3.1506526145971403,-0.11699503634114118,-0.2885007584002664
0.02,-0.18503466248512268,-0.13291096687316895,-0.06666632741689682,-0.11133706569671631,0.7178675532341003,0.0645432397723198,0.5960454344749451,0.44104504585266113,-3.1506526145971403,-0.11699503634114118,-0.2885007584002664
0.03,-0.2548127770423889,0.02146124094724655,-0.027682118117809296,-0.21181036531925201,0.8006576895713806,0.1906951367855072,0.74289470911026,1.1430858373641968,-3.1506526145971403,-0.11699503634114118,-0.2885007584002664
0.04,-0.13738924264907837,-0.023688480257987976,0.02507968805730343,-0.19029298424720764,0.578667938709259,0.3129390478134155,0.6759371757507324,0.9562966227531433,-3.1506526145971403,-0.11699503634114118,-0.2885007584002664
0.05,-0.2551877796649933,0.007357552647590637,0.0531647726893425,-0.2501312494277954,0.6948574781417847,0.3822867274284363,0.6038874983787537,0.8696600794792175,-3.1506526145971403,-0.11699503634114118,-0.2885007584002664
0.06,-0.22435370087623596,0.005885675549507141,0.01610427349805832,-0.229747012257576,0.6949554681777954,0.35240429639816284,0.6201075911521912,0.9487257599830627,-3.1506526145971403,-0.11699503634114118,-0.2885007584002664
0.07,-0.24241483211517334,0.0032961368560791016,0.05354652181267738,-0.21725210547447205,0.6803111433982849,0.35483890771865845,0.6243226528167725,0.9355588555335999,-3.1506526145971403,-0.11699503634114118,-0.2885007584002664
0.08,-0.2501782476902008,0.007068753242492676,0.04391525313258171,-0.22816932201385498,0.7003965973854065,0.35389265418052673,0.6077578067779541,0.9302651286125183,-3.1506526145971403,-0.11699503634114118,-0.2885007584002664
0.09,-0.25738710165023804,0.005832836031913757,0.05581128969788551,-0.21288172900676727,0.6948016285896301,0.34704944491386414,0.6090484857559204,0.9393048286437988,-3.1506526145971403,-0.11699503634114118,-0.2885007584002664
0.1,-0.26776301860809326,0.007378920912742615,0.05926564335823059,-0.21451795101165771,0.705432653427124,0.34272676706314087,0.6012170314788818,0.9388074278831482,-3.1506526145971403,-0.11699503634114118,-0.2885007584002664
0.11,-0.27489346265792847,0.00710519403219223,0.06513752043247223,-0.20710164308547974,0.7059143781661987,0.3368908166885376,0.5975406169891357,0.9444336295127869,-3.1506526145971403,-0.11699503634114118,-0.2885007584002664
0.12,-0.28502845764160156,0.007645346224308014,0.0719091147184372,-0.2036757469177246,0.712203323841095,0.33294928073883057,0.5917654037475586,0.9458349347114563,-3.1506526145971403,-0.11699503634114118,-0.2885007584002664
0.13,-0.2939358651638031,0.008159596472978592,0.07749336957931519,-0.199419304728508,0.7166955471038818,0.3276158273220062,0.5870170593261719,0.9509512782096863,-3.1506526145971403,-0.11699503634114118,-0.2885007584002664
0.14,-0.30342820286750793,0.008418329060077667,0.08452164381742477,-0.19486720860004425,0.7210186123847961,0.3226863443851471,0.5820527076721191,0.9541423916816711,-3.1506526145971403,-0.11699503634114118,-0.2885007584002664
0.15,-0.3128576874732971,0.008762232959270477,0.09043322503566742,-0.19102545082569122,0.7260457873344421,0.31701791286468506,0.5771637558937073,0.9585998058319092,-3.1506526145971403,-0.11699503634114118,-0.2885007584002664
0.16,-0.3224431276321411,0.009022243320941925,0.09710931777954102,-0.1864587366580963,0.730601966381073,0.31148242950439453,0.5724276304244995,0.9630706310272217,-3.1506526145971403,-0.11699503634114118,-0.2885007584002664
0.17,-0.33248910307884216,0.009499847888946533,0.10375843942165375,-0.18199127912521362,0.7362270951271057,0.3056667447090149,0.567909836769104,0.968793511390686,-3.1506526145971403,-0.11699503634114118,-0.2885007584002664
0.18,-0.3415948152542114,0.009915854781866074,0.10937777906656265,-0.17741243541240692,0.741550862789154,0.29937943816185,0.564265251159668,0.9753745198249817,-3.1506526145971403,-0.11699503634114118,-0.2885007584002664
0.19,-0.3500122129917145,0.010401751846075058,0.11485282331705093,-0.17280705273151398,0.7462745308876038,0.2933337688446045,0.5612170696258545,0.9811186194419861,-3.1506526145971403,-0.11699503634114118,-0.2885007584002664
0.2,-0.3590380847454071,0.010764144361019135,0.12067263573408127,-0.16845111548900604,0.7511118054389954,0.2872578203678131,0.5578854084014893,0.986485481262207,-3.1506526145971403,-0.11699503634114118,-0.2885007584002664
0.21,-0.3687937259674072,0.011010512709617615,0.12685304880142212,-0.16412495076656342,0.7562951445579529,0.2812501788139343,0.5542981624603271,0.9923833608627319,-3.1506526145971403,-0.11699503634114118,-0.2885007584002664
0.22,-0.37921375036239624,0.01114804670214653,0.1336154341697693,-0.15981967747211456,0.7618578672409058,0.2754580080509186,0.5507506132125854,0.9989916682243347,-3.1506526145971403,-0.11699503634114118,-0.2885007584002664
0.23,-0.3898330330848694,0.011701002717018127,0.14092645049095154,-0.15557748079299927,0.7672997117042542,0.27001070976257324,0.5472651720046997,1.0051074028015137,-3.1506526145971403,-0.11699503634114118,-0.2885007584002664
0.24,-0.4004831612110138,0.012028016149997711,0.15017056465148926,-0.15036894381046295,0.7712772488594055,0.2650378942489624,0.5421743392944336,1.0068848133087158,-3.1506526145971403,-0.11699503634114118,-0.2885007584002664
0.25,-0.4131211042404175,0.012114223092794418,0.16058549284934998,-0.14532460272312164,0.7779346108436584,0.2592259645462036,0.5360769629478455,1.0094777345657349,-3.1506526145971403,-0.11699503634114118,-0.2885007584002664
0.26,-0.4258183538913727,0.012477993965148926,0.1708032190799713,-0.14064525067806244,0.7840242981910706,0.25313442945480347,0.5298115611076355,1.011563777923584,-3.1506526145971403,-0.11699503634114118,-0.2885007584002664
0.27,-0.4387132227420807,0.01245192065834999,0.1814195215702057,-0.13606566190719604,0.7894293665885925,0.24750079214572906,0.5228524208068848,1.0118433237075806,-3.1506526145971403,-0.11699503634114118,-0.2885007584002664
0.28,-0.4519391357898712,0.012669622898101807,0.19216594099998474,-0.13157103955745697,0.7948483824729919,0.24223020672798157,0.5155256390571594,1.0125505924224854,-3.1506526145971403,-0.11699503634114118,-0.2885007584002664
0.29,-0.4647471606731415,0.012668885290622711,0.20299893617630005,-0.12657910585403442,0.799898624420166,0.23721997439861298,0.5083763599395752,1.012590765953064,-3.1506526145971403,-0.11699503634114118,-0.2885007584002664
0.3,-0.4780060350894928,0.012924794107675552,0.21400701999664307,-0.12164109945297241,0.8054887056350708,0.23225919902324677,0.5013254284858704,1.0132116079330444,-3.1506526145971403,-0.11699503634114118,-0.2885007584002664
0.31,-0.49189791083335876,0.01289985328912735,0.22566252946853638,-0.1177724152803421,0.8115024566650391,0.22673112154006958,0.49456164240837097,1.0138007402420044,-3.1506526145971403,-0.11699503634114118,-0.2885007584002664
0.32,-0.5050947666168213,0.011922687292098999,0.23731350898742676,-0.11327259242534637,0.8151195645332336,0.22245320677757263,0.48699861764907837,1.011387825012207,-3.1506526145971403,-0.11699503634114118,-0.2885007584002664
0.33,-0.520574688911438,0.011320274323225021,0.25063061714172363,-0.10891944169998169,0.8205174803733826,0.21914027631282806,0.4788396954536438,1.00967276096344,-3.1506526145971403,-0.11699503634114118,-0.2885007584002664
0.34,-0.5375304222106934,0.010895617306232452,0.2652919590473175,-0.10389256477355957,0.8268473744392395,0.21538247168064117,0.4704136550426483,1.0086636543273926,-3.1506526145971403,-0.11699503634114118,-0.2885007584002664
0.35000000000000003,-0.5565817356109619,0.009630732238292694,0.2808741331100464,-0.09890119731426239,0.8328619599342346,0.21084611117839813,0.46157026290893555,1.0085211992263794,-3.1506526145971403,-0.11699503634114118,-0.2885007584002664
0.36,-0.5768282413482666,0.00871478021144867,0.2976019084453583,-0.09333918988704681,0.8380442261695862,0.20687706768512726,0.45177486538887024,1.0092036724090576,-3.1506526145971403,-0.11699503634114118,-0.2885007584002664
0.37,-0.5977904200553894,0.007874742150306702,0.31488102674484253,-0.08831490576267242,0.8450867533683777,0.20336870849132538,0.44228360056877136,1.010041356086731,-3.1506526145971403,-0.11699503634114118,-0.2885007584002664
0.38,-0.617648184299469,0.0075048282742500305,0.33052921295166016,-0.08391107618808746,0.8511064648628235,0.20047509670257568,0.43216603994369507,1.0100736618041992,-3.1506526145971403,-0.11699503634114118,-0.2885007584002664
0.39,-0.638014554977417,0.006803769618272781,0.3457198143005371,-0.07973116636276245,0.8574458360671997,0.1970069408416748,0.42164433002471924,1.008118987083435,-3.1506526145971403,-0.11699503634114118,-0.2885007584002664
0.4,-0.6608253717422485,0.00665128231048584,0.3625102639198303,-0.07705968618392944,0.8640691637992859,0.19457563757896423,0.4110490083694458,1.0077189207077026,-3.1506526145971403,-0.11699503634114118,-0.2885007584002664
0.41000000000000003,-0.684114396572113,0.005508255213499069,0.37659162282943726,-0.07415632903575897,0.8711398243904114,0.19473274052143097,0.3989851474761963,1.004569411277771,-3.1506526145971403,-0.11699503634114118,-0.2885007584002664
0.42,-0.7081878185272217,0.0062626563012599945,0.3909059762954712,-0.0716693252325058,0.8795046210289001,0.1966019868850708,0.38846996426582336,1.0052986145019531,-3.1506526145971403,-0.11699503634114118,-0.2885007584002664
0.43,-0.7254796624183655,0.006264030933380127,0.40329980850219727,-0.0714692771434784,0.8844699263572693,0.19956715404987335,0.3795969784259796,1.0041370391845703,-3.1506526145971403,-0.11699503634114118,-0.2885007584002664
0.44,-0.7399978637695312,0.006248876452445984,0.4146544635295868,-0.07005256414413452,0.8878093361854553,0.20509029924869537,0.3714205324649811,1.0041561126708984,-3.1506526145971403,-0.11699503634114118,-0.2885007584002664
0.45,-0.753756046295166,0.007475711405277252,0.42579758167266846,-0.06825755536556244,0.8923438191413879,0.20997871458530426,0.3653794825077057,1.006697654724121,-3.1506526145971403,-0.11699503634114118,-0.2885007584002664
0.46,-0.7649697661399841,0.008653629571199417,0.4349006712436676,-0.06668758392333984,0.8956856727600098,0.2127823680639267,0.3600673973560333,1.0082191228866577,-3.1506526145971403,-0.11699503634114118,-0.2885007584002664
0.47000000000000003,-0.7760790586471558,0.009320661425590515,0.4435318410396576,-0.06486588716506958,0.8984091281890869,0.2143034189939499,0.35452261567115784,1.0089669227600098,-3.1506526145971403,-0.11699503634114118,-0.2885007584002664
0.48,-0.7887060642242432,0.00996578112244606,0.4530276358127594,-0.06356640160083771,0.901369035243988,0.21577493846416473,0.3481789827346802,1.0098562240600586,-3.1506526145971403,-0.11699503634114118,-0.2885007584002664
0.49,-0.8015813827514648,0.010286401957273483,0.4624614119529724,-0.0626007467508316,0.9040936231613159,0.21785925328731537,0.3412264287471771,1.0103278160095215,-3.1506526145971403,-0.11699503634114118,-0.2885007584002664
0.0,-0.12455116212368011,-0.03032524511218071,-0.0889362171292305,0.0041086748242378235,0.841427743434906,0.016114501282572746,0.6958783864974976,0.013549447059631348,-2.4103511367131327,0.33646077096347243,-0.2877713713432743
0.01,0.017667807638645172,-0.09051226079463959,0.08071569353342056,-0.0634680986404419,0.5885726809501648,-0.1867416352033615,0.6739814877510071,0.14497949182987213,-2.4103511367131327,0.33646077096347243,-0.2877713713432743
0.02,-0.1010388731956482,-0.07838712632656097,-0.039243996143341064,0.03828980028629303,0.6911773085594177,-0.12427045404911041,0.6071743965148926,0.4511566460132599,-2.4103511367131327,0.33646077096347243,-0.2877713713432743
0.03,-0.14281418919563293,-0.012617357075214386,-0.08704089373350143,-0.0333310067653656,0.7171425223350525,-0.13004569709300995,0.7343038320541382,1.089888095855713,-2.4103511367131327,0.33646077096347243,-0.2877713713432743
0.04,-0.15834590792655945,0.020712196826934814,0.036805927753448486,0.006296973675489426,0.5550262928009033,0.07784108072519302,0.7346550822257996,0.9486152529716492,-2.4103511367131327,0.33646077096347243,-0.2877713713432743
0.05,-0.20394286513328552,0.011803153902292252,-0.0293966606259346,-0.13349784910678864,0.6844260096549988,0.10978423058986664,0.620524525642395,0.9056544899940491,-2.4103511367131327,0.33646077096347243,-0.2877713713432743
0.06,-0.18317314982414246,-0.004862576723098755,0.0006097257137298584,-0.089805006980896,0.6289216876029968,0.16157525777816772,0.6584336757659912,0.9619897603988647,-2.4103511367131327,0.33646077096347243,-0.2877713713432743
0.07,-0.23517301678657532,0.04166285693645477,0.03160584345459938,-0.11763074994087219,0.6837928891181946,0.19204632937908173,0.6464785933494568,0.959669291973114,-2.4103511367131327,0.33646077096347243,-0.2877713713432743
0.08,-0.194339781999588,0.002182774245738983,-0.001982755959033966,-0.11002704501152039,0.6612764000892639,0.15537120401859283,0.6402176022529602,0.9455349445343018,-2.4103511367131327,0.33646077096347243,-0.2877713713432743
0.09,-0.24151739478111267,0.02925117313861847,0.04382924363017082,-0.10042248666286469,0.6716275811195374,0.18021108210086823,0.6409551501274109,0.9592863321304321,-2.4103511367131327,0.33646077096347243,-0.2877713713432743
0.1,-0.22780412435531616,0.013144660741090775,0.02108590491116047,-0.10761736333370209,0.6843042969703674,0.15858566761016846,0.6272686719894409,0.9438838362693787,-2.4103511367131327,0.33646077096347243,-0.2877713713432743
0.11,-0.24737855792045593,0.01934800297021866,0.04454299062490463,-0.09548728168010712,0.679523229598999,0.16316740214824677,0.6317769289016724,0.9579707384109497,-2.4103511367131327,0.33646077096347243,-0.2877713713432743
0.12,-0.2549489140510559,0.01900450885295868,0.04460977762937546,-0.09915173053741455,0.6941546201705933,0.15831595659255981,0.6220517158508301,0.9479745626449585,-2.4103511367131327,0.33646077096347243,-0.2877713713432743
0.13,-0.26232588291168213,0.016208507120609283,0.05113261938095093,-0.09433738887310028,0.6931376457214355,0.15234948694705963,0.6199938058853149,0.9532608389854431,-2.4103511367131327,0.33646077096347243,-0.2877713713432743
0.14,-0.2757088243961334,0.019071083515882492,0.061052169650793076,-0.09258680045604706,0.7016295194625854,0.152628555893898,0.6154394149780273,0.95151287317276,-2.4103511367131327,0.33646077096347243,-0.2877713713432743
0.15,-0.28259986639022827,0.01676241308450699,0.06457113474607468,-0.0921599417924881,0.7064040899276733,0.14642484486103058,0.6103995442390442,0.951119601726532,-2.4103511367131327,0.33646077096347243,-0.2877713713432743
0.16,-0.29411235451698303,0.017626821994781494,0.0740123987197876,-0.08887293934822083,0.710724949836731,0.1452743262052536,0.6067618727684021,0.9515308737754822,-2.4103511367131327,0.33646077096347243,-0.2877713713432743
0.17,-0.303408145904541,0.01739373803138733,0.0791807770729065,-0.0884193629026413,0.7171735167503357,0.14119580388069153,0.6015554666519165,0.9512375593185425,-2.4103511367131327,0.33646077096347243,-0.2877713713432743
0.18,-0.3127073347568512,0.016881834715604782,0.08622682094573975,-0.08557446300983429,0.7209210991859436,0.13783927261829376,0.597748875617981,0.9520180225372314,-2.4103511367131327,0.33646077096347243,-0.2877713713432743
0.19,-0.323241651058197,0.01759418100118637,0.09328252822160721,-0.08357881009578705,0.7277519106864929,0.1345662623643875,0.5933734178543091,0.9526944756507874,-2.4103511367131327,0.33646077096347243,-0.2877713713432743
0.2,-0.33178555965423584,0.017053555697202682,0.09881769120693207,-0.0818978101015091,0.7334108948707581,0.1301768273115158,0.589383602142334,0.9535712599754333,-2.4103511367131327,0.33646077096347243,-0.2877713713432743
0.21,-0.3416335880756378,0.017438359558582306,0.10607314854860306,-0.07975204288959503,0.7388899922370911,0.1272849291563034,0.5855417251586914,0.9544797539710999,-2.4103511367131327,0.33646077096347243,-0.2877713713432743
0.22,-0.3515753149986267,0.017790399491786957,0.11286196857690811,-0.0786871612071991,0.7450769543647766,0.12414951622486115,0.580375075340271,0.9551312923431396,-2.4103511367131327,0.33646077096347243,-0.2877713713432743
0.23,-0.3615926206111908,0.017759408801794052,0.12061012536287308,-0.07686509191989899,0.7496978640556335,0.1214597150683403,0.5749789476394653,0.9552079439163208,-2.4103511367131327,0.33646077096347243,-0.2877713713432743
0.24,-0.3725944757461548,0.01803847774863243,0.1283571422100067,-0.07576660811901093,0.7551329731941223,0.11869192123413086,0.5688979625701904,0.9550920128822327,-2.4103511367131327,0.33646077096347243,-0.2877713713432743
0.25,-0.3827753961086273,0.017974853515625,0.13554850220680237,-0.07477021217346191,0.760025680065155,0.115432508289814,0.562953531742096,0.9548833966255188,-2.4103511367131327,0.33646077096347243,-0.2877713713432743
0.26,-0.39364537596702576,0.018247246742248535,0.14356686174869537,-0.07354122400283813,0.7648399472236633,0.11239401996135712,0.5569704174995422,0.9548049569129944,-2.4103511367131327,0.33646077096347243,-0.2877713713432743
0.27,-0.4047378599643707,0.018563978374004364,0.15133294463157654,-0.0732189267873764,0.7698773741722107,0.10905683040618896,0.5505920648574829,0.9550846219062805,-2.4103511367131327,0.33646077096347243,-0.2877713713432743
0.28,-0.4154078960418701,0.01865975558757782,0.15893781185150146,-0.07244433462619781,0.7745267152786255,0.10621292144060135,0.5443470478057861,0.9552294015884399,-2.4103511367131327,0.33646077096347243,-0.2877713713432743
0.29,-0.4278482496738434,0.018184170126914978,0.1676112413406372,-0.07206237316131592,0.7806521654129028,0.10343219339847565,0.5374074578285217,0.9562283754348755,-2.4103511367131327,0.33646077096347243,-0.2877713713432743
0.3,-0.44037628173828125,0.018108747899532318,0.17595958709716797,-0.07181216776371002,0.7869307398796082,0.1012137308716774,0.5308567881584167,0.9574635624885559,-2.4103511367131327,0.33646077096347243,-0.2877713713432743
0.31,-0.452729731798172,0.01834358274936676,0.187028706073761,-0.06853960454463959,0.7903164029121399,0.0999823808670044,0.5226839184761047,0.9543020129203796,-2.4103511367131327,0.33646077096347243,-0.2877713713432743
0.32,-0.46805548667907715,0.018342718482017517,0.1985427737236023,-0.06594206392765045,0.7958930134773254,0.09669117629528046,0.5117109417915344,0.9526996612548828,-2.4103511367131327,0.33646077096347243,-0.2877713713432743
0.33,-0.48338043689727783,0.018007714301347733,0.21008837223052979,-0.062391456216573715,0.8001342415809631,0.09316768497228622,0.5004409551620483,0.9505904316902161,-2.4103511367131327,0.33646077096347243,-0.2877713713432743
0.34,-0.4999229311943054,0.017702974379062653,0.22257176041603088,-0.05912742391228676,0.8056604266166687,0.08976255357265472,0.4885217845439911,0.9489251971244812,-2.4103511367131327,0.33646077096347243,-0.2877713713432743
0.35000000000000003,-0.5175501704216003,0.01693297177553177,0.23630291223526,-0.05585952475667,0.810551643371582,0.08544418215751648,0.47551587224006653,0.9484429359436035,-2.4103511367131327,0.33646077096347243,-0.2877713713432743
0.36,-0.5361639261245728,0.0166582353413105,0.25087589025497437,-0.05198510363698006,0.8155540227890015,0.08122717589139938,0.46234801411628723,0.9476900100708008,-2.4103511367131327,0.33646077096347243,-0.2877713713432743
0.37,-0.5566439628601074,0.01483083888888359,0.2649770975112915,-0.04784524068236351,0.8210892677307129,0.07550543546676636,0.4487922191619873,0.9474220275878906,-2.4103511367131327,0.33646077096347243,-0.2877713713432743
0.38,-0.5776759386062622,0.014351747930049896,0.27943798899650574,-0.0445159487426281,0.8261682391166687,0.07075390219688416,0.4341038763523102,0.9471513628959656,-2.4103511367131327,0.33646077096347243,-0.2877713713432743
0.39,-0.5971582531929016,0.011064670979976654,0.2963745892047882,-0.04428606107831001,0.8280268311500549,0.06982113420963287,0.4197638928890228,0.944246232509613,-2.4103511367131327,0.33646077096347243,-0.2877713713432743
0.4,-0.6198557019233704,0.009253174066543579,0.3177264928817749,-0.04313046857714653,0.8313359618186951,0.0764487236738205,0.4061887264251709,0.9397520422935486,-2.4103511367131327,0.33646077096347243,-0.2877713713432743
0.41000000000000003,-0.6405699253082275,0.009130146354436874,0.3352785110473633,-0.04452861472964287,0.836849570274353,0.08379212021827698,0.39367038011550903,0.939138650894165,-2.4103511367131327,0.33646077096347243,-0.2877713713432743
0.42,-0.6552015542984009,0.009529218077659607,0.34680038690567017,-0.04530259594321251,0.8430395126342773,0.09146910160779953,0.3856458067893982,0.9382180571556091,-2.4103511367131327,0.33646077096347243,-0.2877713713432743
0.43,-0.6666877269744873,0.011161845177412033,0.3564841151237488,-0.044248316437006,0.8480351567268372,0.09607289731502533,0.3803246021270752,0.9397995471954346,-2.4103511367131327,0.33646077096347243,-0.2877713713432743
0.44,-0.677344560623169,0.01158192753791809,0.3654137849807739,-0.04401477798819542,0.8519549369812012,0.09749092906713486,0.3748489320278168,0.9400185346603394,-2.4103511367131327,0.33646077096347243,-0.2877713713432743
0.45,-0.6881763339042664,0.011180266737937927,0.37455251812934875,-0.04404487833380699,0.8551706075668335,0.09912635385990143,0.3688077926635742,0.9387386441230774,-2.4103511367131327,0.33646077096347243,-0.2877713713432743
0.46,-0.6986536979675293,0.011188805103302002,0.38383573293685913,-0.04366317018866539,0.8577807545661926,0.10184260457754135,0.3627929389476776,0.9385121464729309,-2.4103511367131327,0.33646077096347243,-0.2877713713432743
0.47000000000000003,-0.7090853452682495,0.011564988642930984,0.39336395263671875,-0.04302942380309105,0.8611097931861877,0.10466048121452332,0.35715600848197937,0.9388117790222168,-2.4103511367131327,0.33646077096347243,-0.2877713713432743
0.48,-0.7192026376724243,0.011689390987157822,0.4029042720794678,-0.04309622570872307,0.8638378381729126,0.10736704617738724,0.35155484080314636,0.9394898414611816,-2.4103511367131327,0.33646077096347243,-0.2877713713432743
0.49,-0.7295758128166199,0.012139923870563507,0.4132223129272461,-0.042994555085897446,0.8666824698448181,0.11138927936553955,0.3457842767238617,0.9406810402870178,-2.4103511367131327,0.33646077096347243,-0.2877713713432743
0.0,-0.30301836133003235,-0.12086686491966248,0.003218919038772583,-0.08757039904594421,0.829703152179718,0.06932874023914337,0.6298047304153442,0.15228016674518585,-1.9593702908546613,-0.04973604407539075,-0.3235664101178493
0.01,-0.17116758227348328,-0.026902105659246445,-0.06292075663805008,-0.24294637143611908,0.6785957217216492,0.03948196768760681,0.7165563106536865,1.0724620819091797,-1.9593702908546613,-0.04973604407539075,-0.3235664101178493
0.02,-0.14991015195846558,-0.04346909373998642,0.10188804566860199,-0.1501409262418747,0.4812029302120209,0.31535524129867554,0.6940923929214478,0.7687463164329529,-1.9593702908546613,-0.04973604407539075,-0.3235664101178493
0.03,-0.30877527594566345,-0.006677765399217606,0.055488813668489456,-0.2772720158100128,0.6859676241874695,0.3233492374420166,0.5700773596763611,0.8449919819831848,-1.9593702908546613,-0.04973604407539075,-0.3235664101178493
0.04,-0.18495973944664001,-0.026910949498414993,0.009449344128370285,-0.22235019505023956,0.6127662062644958,0.3035415709018707,0.6482692360877991,0.9218671917915344,-1.9593702908546613,-0.04973604407539075,-0.3235664101178493
0.05,-0.2629324495792389,-0.007730461657047272,0.10201995819807053,-0.22337383031845093,0.6133907437324524,0.32490262389183044,0.6348115801811218,0.8726919293403625,-1.9593702908546613,-0.04973604407539075,-0.3235664101178493
0.06,-0.24693024158477783,-0.026113897562026978,0.04571186751127243,-0.23456577956676483,0.639509916305542,0.30250686407089233,0.6065108776092529,0.8732014298439026,-1.9593702908546613,-0.04973604407539075,-0.3235664101178493
0.07,-0.26547545194625854,-0.008566107600927353,0.08551490306854248,-0.2151152640581131,0.6302696466445923,0.31326401233673096,0.6229106187820435,0.8951669931411743,-1.9593702908546613,-0.04973604407539075,-0.3235664101178493
0.08,-0.2694586217403412,-0.019310742616653442,0.07241222262382507,-0.22083507478237152,0.645476222038269,0.29410216212272644,0.608936071395874,0.8833484053611755,-1.9593702908546613,-0.04973604407539075,-0.3235664101178493
0.09,-0.27832627296447754,-0.0118040069937706,0.0857703760266304,-0.2112242728471756,0.6426202654838562,0.2971000671386719,0.6112616062164307,0.8921549320220947,-1.9593702908546613,-0.04973604407539075,-0.3235664101178493
0.1,-0.2882838547229767,-0.015200354158878326,0.08782827109098434,-0.21034210920333862,0.6523692011833191,0.28713536262512207,0.6034016609191895,0.8901373744010925,-1.9593702908546613,-0.04973604407539075,-0.3235664101178493
0.11,-0.29526951909065247,-0.011716663837432861,0.0933283120393753,-0.20506097376346588,0.6553080677986145,0.28427720069885254,0.6024082899093628,0.8954181671142578,-1.9593702908546613,-0.04973604407539075,-0.3235664101178493
0.12,-0.3032560348510742,-0.012783132493495941,0.09762895107269287,-0.20128397643566132,0.6602737307548523,0.2768533229827881,0.5981046557426453,0.8963807225227356,-1.9593702908546613,-0.04973604407539075,-0.3235664101178493
0.13,-0.3114641308784485,-0.010875150561332703,0.10282924771308899,-0.19714273512363434,0.6645917296409607,0.2726934850215912,0.5948606729507446,0.8995479941368103,-1.9593702908546613,-0.04973604407539075,-0.3235664101178493
0.14,-0.31906068325042725,-0.010801862925291061,0.10710008442401886,-0.1933548003435135,0.6691917181015015,0.2667200565338135,0.5907837748527527,0.9019092321395874,-1.9593702908546613,-0.04973604407539075,-0.3235664101178493
0.15,-0.32663390040397644,-0.009435232728719711,0.11197026818990707,-0.18931695818901062,0.6736874580383301,0.26211345195770264,0.5877453684806824,0.9044619202613831,-1.9593702908546613,-0.04973604407539075,-0.3235664101178493
0.16,-0.3337911069393158,-0.00885976105928421,0.11611341685056686,-0.18557696044445038,0.6780456900596619,0.25642454624176025,0.5842378735542297,0.9064977765083313,-1.9593702908546613,-0.04973604407539075,-0.3235664101178493
0.17,-0.34125861525535583,-0.007874246686697006,0.1210823804140091,-0.18164294958114624,0.6821327805519104,0.25154629349708557,0.5808680653572083,0.9082699418067932,-1.9593702908546613,-0.04973604407539075,-0.3235664101178493
0.18,-0.3485899865627289,-0.007484830915927887,0.12596312165260315,-0.17796717584133148,0.6861281991004944,0.24644775688648224,0.5768945813179016,0.908913791179657,-1.9593702908546613,-0.04973604407539075,-0.3235664101178493
0.19,-0.35628542304039,-0.0067656561732292175,0.13115118443965912,-0.17435778677463531,0.6902031898498535,0.2418879121541977,0.5729020833969116,0.9098311066627502,-1.9593702908546613,-0.04973604407539075,-0.3235664101178493
0.2,-0.3639979958534241,-0.006158620119094849,0.13623684644699097,-0.1710251271724701,0.6945429444313049,0.23729927837848663,0.5689396858215332,0.9107978343963623,-1.9593702908546613,-0.04973604407539075,-0.3235664101178493
0.21,-0.3721621334552765,-0.005382154136896133,0.14162974059581757,-0.16775967180728912,0.6992762684822083,0.23288702964782715,0.5652365684509277,0.912024199962616,-1.9593702908546613,-0.04973604407539075,-0.3235664101178493
0.22,-0.37994545698165894,-0.004709046334028244,0.14674508571624756,-0.1645839363336563,0.7038936614990234,0.22834964096546173,0.5615617036819458,0.9130954146385193,-1.9593702908546613,-0.04973604407539075,-0.3235664101178493
0.23,-0.38783591985702515,-0.004765637218952179,0.15202274918556213,-0.16079075634479523,0.7077310681343079,0.22342491149902344,0.5576376914978027,0.9133463501930237,-1.9593702908546613,-0.04973604407539075,-0.3235664101178493
0.24,-0.39644336700439453,-0.003884240984916687,0.15871208906173706,-0.15579421818256378,0.7110289335250854,0.21940429508686066,0.5528537034988403,0.9117439389228821,-1.9593702908546613,-0.04973604407539075,-0.3235664101178493
0.25,-0.40646153688430786,-0.0037534311413764954,0.16557034850120544,-0.1509014070034027,0.7153546214103699,0.21416282653808594,0.5466930270195007,0.9102603793144226,-1.9593702908546613,-0.04973604407539075,-0.3235664101178493
0.26,-0.41568657755851746,-0.0028242431581020355,0.17232391238212585,-0.14525263011455536,0.7192557454109192,0.20874322950839996,0.5412002801895142,0.9092454314231873,-1.9593702908546613,-0.04973604407539075,-0.3235664101178493
0.27,-0.4241603910923004,-0.0025564320385456085,0.1786920726299286,-0.13965260982513428,0.7228318452835083,0.2021598070859909,0.5358028411865234,0.9075337052345276,-1.9593702908546613,-0.04973604407539075,-0.3235664101178493
0.28,-0.4335990846157074,-0.0024553239345550537,0.18618738651275635,-0.1334455907344818,0.7254427671432495,0.1968819946050644,0.5297118425369263,0.9052110314369202,-1.9593702908546613,-0.04973604407539075,-0.3235664101178493
0.29,-0.4457946717739105,-0.002414524555206299,0.19535717368125916,-0.12688066065311432,0.7280363440513611,0.1918552666902542,0.5213750004768372,0.9034773111343384,-1.9593702908546613,-0.04973604407539075,-0.3235664101178493
0.3,-0.46001169085502625,-0.00271466001868248,0.20544499158859253,-0.12039630115032196,0.7313095927238464,0.18721389770507812,0.5130428671836853,0.9015601277351379,-1.9593702908546613,-0.04973604407539075,-0.3235664101178493
0.31,-0.4736001789569855,-0.0026033632457256317,0.21435829997062683,-0.1142243891954422,0.7344666123390198,0.1832173764705658,0.5047545433044434,0.8998821377754211,-1.9593702908546613,-0.04973604407539075,-0.3235664101178493
0.32,-0.4863922894001007,-0.0025443248450756073,0.22234255075454712,-0.10853390395641327,0.7385411858558655,0.17900177836418152,0.49676331877708435,0.8995437622070312,-1.9593702908546613,-0.04973604407539075,-0.3235664101178493
0.33,-0.49901336431503296,-0.001912575215101242,0.23108011484146118,-0.10347338020801544,0.7433739304542542,0.17456835508346558,0.48965024948120117,0.9003840684890747,-1.9593702908546613,-0.04973604407539075,-0.3235664101178493
0.34,-0.5125199556350708,-0.0016127973794937134,0.2400270402431488,-0.09858624637126923,0.748725175857544,0.16945792734622955,0.48209086060523987,0.9011338353157043,-1.9593702908546613,-0.04973604407539075,-0.3235664101178493
0.35000000000000003,-0.5278056263923645,-0.0015070848166942596,0.2509162724018097,-0.09369257092475891,0.754800021648407,0.16501551866531372,0.47397661209106445,0.9018362164497375,-1.9593702908546613,-0.04973604407539075,-0.3235664101178493
0.36,-0.543566882610321,-0.00219518318772316,0.2613984942436218,-0.08904528617858887,0.7598688006401062,0.16191692650318146,0.4643518924713135,0.903371274471283,-1.9593702908546613,-0.04973604407539075,-0.3235664101178493
0.37,-0.5614267587661743,-0.0020708665251731873,0.2735916078090668,-0.08470132946968079,0.7668472528457642,0.16025687754154205,0.45483478903770447,0.9056698679924011,-1.9593702908546613,-0.04973604407539075,-0.3235664101178493
0.38,-0.5758797526359558,-0.002156473696231842,0.2827754020690918,-0.08057035505771637,0.774144172668457,0.1582488715648651,0.44609835743904114,0.9066801071166992,-1.9593702908546613,-0.04973604407539075,-0.3235664101178493
0.39,-0.5886145830154419,-0.0017095506191253662,0.29154467582702637,-0.07508957386016846,0.7796913385391235,0.15468020737171173,0.43937137722969055,0.9097083210945129,-1.9593702908546613,-0.04973604407539075,-0.3235664101178493
0.4,-0.6007863283157349,-0.001285795122385025,0.2989577651023865,-0.07023438811302185,0.7855514287948608,0.14962255954742432,0.4330524504184723,0.9117501974105835,-1.9593702908546613,-0.04973604407539075,-0.3235664101178493
0.41000000000000003,-0.6116877794265747,-0.000977974385023117,0.30521684885025024,-0.0658317506313324,0.7903843522071838,0.14412695169448853,0.42722001671791077,0.9135240316390991,-1.9593702908546613,-0.04973604407539075,-0.3235664101178493
0.42,-0.6222445964813232,-0.00038545578718185425,0.3112785518169403,-0.06151459738612175,0.795117974281311,0.13910312950611115,0.42173153162002563,0.9154322743415833,-1.9593702908546613,-0.04973604407539075,-0.3235664101178493
0.43,-0.6317604780197144,-0.001277431845664978,0.3160858750343323,-0.05897897109389305,0.7996348738670349,0.13408474624156952,0.4162622392177582,0.915887176990509,-1.9593702908546613,-0.04973604407539075,-0.3235664101178493
0.44,-0.6394565105438232,-0.0018291473388671875,0.3204576373100281,-0.05804130807518959,0.8037649989128113,0.13061939179897308,0.4126170873641968,0.9151186347007751,-1.9593702908546613,-0.04973604407539075,-0.3235664101178493
0.45,-0.6457374691963196,-0.0020995326340198517,0.32404887676239014,-0.05641772970557213,0.8070926070213318,0.1275138109922409,0.4092375934123993,0.914009153842926,-1.9593702908546613,-0.04973604407539075,-0.3235664101178493
0.46,-0.6518664956092834,-0.002253420650959015,0.3274994492530823,-0.055396515876054764,0.811152458190918,0.12374116480350494,0.40626248717308044,0.9137702584266663,-1.9593702908546613,-0.04973604407539075,-0.3235664101178493
0.47000000000000003,-0.6567342281341553,-0.0027102287858724594,0.3301260769367218,-0.054259639233350754,0.8146140575408936,0.12026046216487885,0.40400615334510803,0.913069486618042,-1.9593702908546613,-0.04973604407539075,-0.3235664101178493
0.48,-0.6612687110900879,-0.0028609279543161392,0.3321232199668884,-0.05320822075009346,0.8183274865150452,0.1163482740521431,0.4028383195400238,0.9142102003097534,-1.9593702908546613,-0.04973604407539075,-0.3235664101178493
0.49,-0.6647763252258301,-0.002750389277935028,0.33361172676086426,-0.051909562200307846,0.8214999437332153,0.11191919445991516,0.4021291136741638,0.9148344397544861,-1.9593702908546613,-0.04973604407539075,-0.3235664101178493
0.0,-0.20301830768585205,-0.02100902795791626,-0.0440911129117012,-0.03841704502701759,0.8736186623573303,0.07854526489973068,0.7463581562042236,0.004250641912221909,-3.113086496208013,-0.07577548291776046,-0.29103813677141893
0.01,-0.08353163301944733,-0.07494844496250153,0.07913315296173096,-0.17257390916347504,0.6333491802215576,-0.06857433170080185,0.6488065123558044,0.11687000095844269,-3.113086496208013,-0.07577548291776046,-0.29103813677141893
0.02,-0.17934390902519226,-0.12693384289741516,-0.05811047554016113,-0.09214220941066742,0.71630859375,0.043601054698228836,0.5964633822441101,0.41151559352874756,-3.113086496208013,-0.07577548291776046,-0.29103813677141893
0.03,-0.252814918756485,0.008551277220249176,-0.035560719668865204,-0.20012441277503967,0.8097108006477356,0.14555327594280243,0.7430117726325989,1.1389657258987427,-3.113086496208013,-0.07577548291776046,-0.29103813677141893
0.04,-0.1283530592918396,-0.017642587423324585,0.02011582814157009,-0.17066329717636108,0.5689000487327576,0.2977566719055176,0.6881618499755859,0.9662148356437683,-3.113086496208013,-0.07577548291776046,-0.29103813677141893
0.05,-0.2542760670185089,0.008037641644477844,0.05058293044567108,-0.24263818562030792,0.6935130953788757,0.3655027151107788,0.6023058891296387,0.8683369755744934,-3.113086496208013,-0.07577548291776046,-0.29103813677141893
0.06,-0.21840596199035645,0.004112139344215393,0.010062364861369133,-0.22073712944984436,0.6927335858345032,0.3424226641654968,0.6229091882705688,0.9527021050453186,-3.113086496208013,-0.07577548291776046,-0.29103813677141893
0.07,-0.24043339490890503,0.0064039453864097595,0.05325879156589508,-0.20930232107639313,0.6783156394958496,0.3467526435852051,0.6286104917526245,0.9407407641410828,-3.113086496208013,-0.07577548291776046,-0.29103813677141893
0.08,-0.24505966901779175,0.00661853700876236,0.040181830525398254,-0.22013069689273834,0.6971753239631653,0.34406140446662903,0.6089690327644348,0.9302268624305725,-3.113086496208013,-0.07577548291776046,-0.29103813677141893
0.09,-0.25439611077308655,0.0070923566818237305,0.05358842760324478,-0.20471704006195068,0.6933416128158569,0.3383879065513611,0.6123694777488708,0.9423782229423523,-3.113086496208013,-0.07577548291776046,-0.29103813677141893
0.1,-0.26335471868515015,0.007989726960659027,0.05626671761274338,-0.20639300346374512,0.7024742364883423,0.33323195576667786,0.6041231155395508,0.9413970708847046,-3.113086496208013,-0.07577548291776046,-0.29103813677141893
0.11,-0.2711813747882843,0.007820867002010345,0.06278521567583084,-0.19896569848060608,0.7034505009651184,0.32807230949401855,0.6003226041793823,0.9462462067604065,-3.113086496208013,-0.07577548291776046,-0.29103813677141893
0.12,-0.2810889184474945,0.008699614554643631,0.0688081830739975,-0.1961556077003479,0.7100186347961426,0.32395628094673157,0.594759464263916,0.9485744833946228,-3.113086496208013,-0.07577548291776046,-0.29103813677141893
0.13,-0.2900319993495941,0.00917740911245346,0.07480952888727188,-0.19159670174121857,0.7140141725540161,0.31840023398399353,0.5902711153030396,0.9534950852394104,-3.113086496208013,-0.07577548291776046,-0.29103813677141893
0.14,-0.3002338111400604,0.009598225355148315,0.08201398700475693,-0.18727317452430725,0.7193180918693542,0.31317806243896484,0.5849981307983398,0.9568394422531128,-3.113086496208013,-0.07577548291776046,-0.29103813677141893
0.15,-0.3101803660392761,0.010147970169782639,0.08803857862949371,-0.1833704262971878,0.7251257300376892,0.3072299361228943,0.5800163745880127,0.9621841311454773,-3.113086496208013,-0.07577548291776046,-0.29103813677141893
0.16,-0.31959837675094604,0.01045040413737297,0.09425488114356995,-0.17907200753688812,0.7302250266075134,0.3012814521789551,0.5756955146789551,0.9672490954399109,-3.113086496208013,-0.07577548291776046,-0.29103813677141893
0.17,-0.32911011576652527,0.010880440473556519,0.10027072578668594,-0.17544536292552948,0.7358102202415466,0.2955079972743988,0.5713751316070557,0.9719269871711731,-3.113086496208013,-0.07577548291776046,-0.29103813677141893
0.18,-0.33818167448043823,0.011215105652809143,0.10587834566831589,-0.17140735685825348,0.7412182092666626,0.2896011769771576,0.5675258040428162,0.9773955345153809,-3.113086496208013,-0.07577548291776046,-0.29103813677141893
0.19,-0.3474038243293762,0.011611007153987885,0.11196878552436829,-0.1671908050775528,0.7465324401855469,0.2837248146533966,0.5640262961387634,0.9831973314285278,-3.113086496208013,-0.07577548291776046,-0.29103813677141893
0.2,-0.3565731644630432,0.01198100671172142,0.1178986057639122,-0.16313134133815765,0.7519050240516663,0.2779030203819275,0.5604164600372314,0.9890231490135193,-3.113086496208013,-0.07577548291776046,-0.29103813677141893
0.21,-0.36586710810661316,0.012608375400304794,0.12381180375814438,-0.15877656638622284,0.7570699453353882,0.27212512493133545,0.5572490096092224,0.9954095482826233,-3.113086496208013,-0.07577548291776046,-0.29103813677141893
0.22,-0.3753143846988678,0.013056337833404541,0.12988507747650146,-0.15445420145988464,0.7622306942939758,0.2662633955478668,0.5539180636405945,1.001631736755371,-3.113086496208013,-0.07577548291776046,-0.29103813677141893
0.23,-0.3850838840007782,0.012967433780431747,0.13685342669487,-0.1500731259584427,0.766947329044342,0.26065149903297424,0.5500128269195557,1.0061246156692505,-3.113086496208013,-0.07577548291776046,-0.29103813677141893
0.24,-0.39530083537101746,0.013316594064235687,0.1439509391784668,-0.1459493786096573,0.7726156711578369,0.25501543283462524,0.5461716651916504,1.011110544204712,-3.113086496208013,-0.07577548291776046,-0.29103813677141893
0.25,-0.406185120344162,0.013663627207279205,0.15381351113319397,-0.14112383127212524,0.7773659825325012,0.24969200789928436,0.5410914421081543,1.0122205018997192,-3.113086496208013,-0.07577548291776046,-0.29103813677141893
0.26,-0.41874948143959045,0.013416994363069534,0.16413789987564087,-0.13631613552570343,0.7833841443061829,0.24386908113956451,0.5344021916389465,1.012894630432129,-3.113086496208013,-0.07577548291776046,-0.29103813677141893
0.27,-0.4321335256099701,0.01389697939157486,0.17506206035614014,-0.1318582445383072,0.789336621761322,0.23849618434906006,0.5275520086288452,1.0141935348510742,-3.113086496208013,-0.07577548291776046,-0.29103813677141893
0.28,-0.4447881877422333,0.013890020549297333,0.1857793927192688,-0.127656027674675,0.7941465377807617,0.2332671731710434,0.5202180743217468,1.0141263008117676,-3.113086496208013,-0.07577548291776046,-0.29103813677141893
0.29,-0.4580917954444885,0.014118332415819168,0.19697362184524536,-0.1232830137014389,0.7993670105934143,0.2286502569913864,0.5126653909683228,1.0140901803970337,-3.113086496208013,-0.07577548291776046,-0.29103813677141893
0.3,-0.4714043438434601,0.014356613159179688,0.2081889808177948,-0.11882112920284271,0.8046514987945557,0.2238294929265976,0.5051473379135132,1.0142111778259277,-3.113086496208013,-0.07577548291776046,-0.29103813677141893
0.31,-0.4854312539100647,0.014413133263587952,0.21992015838623047,-0.11490772664546967,0.8107138276100159,0.21912235021591187,0.4976409077644348,1.0146303176879883,-3.113086496208013,-0.07577548291776046,-0.29103813677141893
0.32,-0.49901849031448364,0.013417623937129974,0.2319544553756714,-0.11035804450511932,0.8143489360809326,0.21534359455108643,0.4898141026496887,1.012331485748291,-3.113086496208013,-0.07577548291776046,-0.29103813677141893
0.33,-0.5149935483932495,0.013141326606273651,0.24555766582489014,-0.10650140047073364,0.8197615146636963,0.21243464946746826,0.48152515292167664,1.0109198093414307,-3.113086496208013,-0.07577548291776046,-0.29103813677141893
0.34,-0.5313226580619812,0.012855995446443558,0.25991877913475037,-0.10180912911891937,0.8253431916236877,0.209061399102211,0.47266659140586853,1.0093289613723755,-3.113086496208013,-0.07577548291776046,-0.29103813677141893
0.35000000000000003,-0.5496464371681213,0.011923354119062424,0.2757430374622345,-0.09704810380935669,0.8322019577026367,0.20467457175254822,0.4643206000328064,1.0088229179382324,-3.113086496208013,-0.07577548291776046,-0.29103813677141893
0.36,-0.5706408023834229,0.010966088622808456,0.29236042499542236,-0.0918562263250351,0.8378794193267822,0.19973532855510712,0.45432978868484497,1.0095698833465576,-3.113086496208013,-0.07577548291776046,-0.29103813677141893
0.37,-0.5907084941864014,0.009559515863656998,0.3085583448410034,-0.08709920942783356,0.8442406058311462,0.19610652327537537,0.4444158971309662,1.0081413984298706,-3.113086496208013,-0.07577548291776046,-0.29103813677141893
0.38,-0.6107966899871826,0.009072136133909225,0.32453224062919617,-0.08255702257156372,0.8499950766563416,0.19342140853405,0.4340699017047882,1.0078990459442139,-3.113086496208013,-0.07577548291776046,-0.29103813677141893
0.39,-0.630630612373352,0.00803690031170845,0.3395982086658478,-0.07820551097393036,0.8559048771858215,0.19073152542114258,0.42363831400871277,1.0067541599273682,-3.113086496208013,-0.07577548291776046,-0.29103813677141893
0.4,-0.6537033319473267,0.008313789963722229,0.35782575607299805,-0.07481952011585236,0.8630368113517761,0.18838566541671753,0.4126814305782318,1.006111741065979,-3.113086496208013,-0.07577548291776046,-0.29103813677141893
0.41000000000000003,-0.6774109601974487,0.007154982537031174,0.37350645661354065,-0.07179518043994904,0.8710846304893494,0.1878235787153244,0.4007585346698761,1.0031776428222656,-3.113086496208013,-0.07577548291776046,-0.29103813677141893
0.42,-0.7018818855285645,0.007306903600692749,0.3875330686569214,-0.0693579763174057,0.8787828683853149,0.18885035812854767,0.3892652988433838,1.0023596286773682,-3.113086496208013,-0.07577548291776046,-0.29103813677141893
0.43,-0.7204883694648743,0.00704626739025116,0.40032562613487244,-0.0688936859369278,0.8845219016075134,0.19141797721385956,0.38000982999801636,1.0013526678085327,-3.113086496208013,-0.07577548291776046,-0.29103813677141893
0.44,-0.7346084713935852,0.006704557687044144,0.41117680072784424,-0.0679219514131546,0.886895477771759,0.1971784383058548,0.37166130542755127,1.00101900100708,-3.113086496208013,-0.07577548291776046,-0.29103813677141893
0.45,-0.7479642033576965,0.007784247398376465,0.4221000075340271,-0.0657690167427063,0.8916578888893127,0.202800452709198,0.36565104126930237,1.0026968717575073,-3.113086496208013,-0.07577548291776046,-0.29103813677141893
0.46,-0.7599433660507202,0.00949045643210411,0.43167629837989807,-0.06426440179347992,0.8956620693206787,0.20517940819263458,0.3602339029312134,1.0050691366195679,-3.113086496208013,-0.07577548291776046,-0.29103813677141893
0.47000000000000003,-0.7709559202194214,0.009832382202148438,0.44002994894981384,-0.06305357813835144,0.8981114029884338,0.20609256625175476,0.35406169295310974,1.0055536031723022,-3.113086496208013,-0.07577548291776046,-0.29103813677141893
0.48,-0.7837685346603394,0.009869303554296494,0.4492989182472229,-0.06173868849873543,0.9005021452903748,0.20765234529972076,0.3476570248603821,1.0067068338394165,-3.113086496208013,-0.07577548291776046,-0.29103813677141893
0.49,-0.7972047328948975,0.010653037577867508,0.45919203758239746,-0.06074981018900871,0.9031677842140198,0.21095044910907745,0.3413356840610504,1.0079355239868164,-3.113086496208013,-0.07577548291776046,-0.29103813677141893
0.0,-0.13018952310085297,-0.020481839776039124,-0.08878657966852188,0.00041285157203674316,0.8712765574455261,0.026329977437853813,0.7379524111747742,0.0035397373139858246,-2.742648697582566,0.2575595594599014,-0.31043123198919054
0.01,0.005644343793392181,-0.08614180982112885,0.10338170826435089,-0.07552038133144379,0.6110766530036926,-0.1778576523065567,0.6598529815673828,0.07797770202159882,-2.742648697582566,0.2575595594599014,-0.31043123198919054
0.02,-0.12091775238513947,-0.09249315410852432,-0.028594613075256348,0.0581669844686985,0.7148054838180542,-0.14587350189685822,0.6064279079437256,0.2652370035648346,-2.742648697582566,0.2575595594599014,-0.31043123198919054
0.03,-0.1870092749595642,-0.03466096520423889,-0.0813482254743576,-0.030732877552509308,0.8268201351165771,-0.201755091547966,0.7515929937362671,0.9828809499740601,-2.742648697582566,0.2575595594599014,-0.31043123198919054
0.04,-0.1014346033334732,0.004247993230819702,-0.004229240119457245,0.007075939327478409,0.536759078502655,0.03703007474541664,0.7538793087005615,1.0367783308029175,-2.742648697582566,0.2575595594599014,-0.31043123198919054
0.05,-0.21718385815620422,0.012779228389263153,-0.0007485561072826385,-0.13247619569301605,0.6853358745574951,0.15015603601932526,0.6392064094543457,0.9109000563621521,-2.742648697582566,0.2575595594599014,-0.31043123198919054
0.06,-0.17785710096359253,-0.00810471922159195,-0.02837079018354416,-0.13362745940685272,0.6614676117897034,0.1942351907491684,0.6537750959396362,0.9896363615989685,-2.742648697582566,0.2575595594599014,-0.31043123198919054
0.07,-0.2320009171962738,0.03658658266067505,0.03976889327168465,-0.13437743484973907,0.6815330386161804,0.24782328307628632,0.6618789434432983,0.9894735217094421,-2.742648697582566,0.2575595594599014,-0.31043123198919054
0.08,-0.21032938361167908,0.01154022291302681,0.006495799869298935,-0.14111532270908356,0.6879308819770813,0.21701647341251373,0.635408878326416,0.9692564606666565,-2.742648697582566,0.2575595594599014,-0.31043123198919054
0.09,-0.23630651831626892,0.02099914848804474,0.03464863821864128,-0.12745098769664764,0.6869632601737976,0.22631213068962097,0.6438966393470764,0.9879347681999207,-2.742648697582566,0.2575595594599014,-0.31043123198919054
0.1,-0.23933380842208862,0.021144729107618332,0.030583973973989487,-0.1312636286020279,0.6998228430747986,0.21818847954273224,0.6317143440246582,0.9828241467475891,-2.742648697582566,0.2575595594599014,-0.31043123198919054
0.11,-0.24744701385498047,0.018342141062021255,0.03885364159941673,-0.12172336876392365,0.6981557011604309,0.21090154349803925,0.6317946910858154,0.9903773665428162,-2.742648697582566,0.2575595594599014,-0.31043123198919054
0.12,-0.2581259310245514,0.02258659526705742,0.04417651891708374,-0.12068527936935425,0.7077216506004333,0.20801550149917603,0.627483606338501,0.9912416338920593,-2.742648697582566,0.2575595594599014,-0.31043123198919054
0.13,-0.2630296051502228,0.018628794699907303,0.04851118102669716,-0.11535044014453888,0.7084652185440063,0.19974131882190704,0.6231645941734314,0.9909246563911438,-2.742648697582566,0.2575595594599014,-0.31043123198919054
0.14,-0.27480295300483704,0.0212189182639122,0.055969320237636566,-0.11308476328849792,0.7160105109214783,0.19784195721149445,0.6192666292190552,0.9924476742744446,-2.742648697582566,0.2575595594599014,-0.31043123198919054
0.15,-0.2815156579017639,0.019104018807411194,0.060782019048929214,-0.11027088761329651,0.7197762727737427,0.19188083708286285,0.6145670413970947,0.9914728403091431,-2.742648697582566,0.2575595594599014,-0.31043123198919054
0.16,-0.29193025827407837,0.02011479064822197,0.0680503100156784,-0.10793514549732208,0.7254815697669983,0.18924786150455475,0.6105414628982544,0.9924170970916748,-2.742648697582566,0.2575595594599014,-0.31043123198919054
0.17,-0.30066218972206116,0.0192185677587986,0.07457251846790314,-0.10565444827079773,0.7306687831878662,0.18522904813289642,0.6060919165611267,0.9914767146110535,-2.742648697582566,0.2575595594599014,-0.31043123198919054
0.18,-0.3105795979499817,0.019229307770729065,0.08120456337928772,-0.10405758023262024,0.7364185452461243,0.18215863406658173,0.6020087599754333,0.9926427602767944,-2.742648697582566,0.2575595594599014,-0.31043123198919054
0.19,-0.3198694884777069,0.01888512820005417,0.0880243331193924,-0.10197789967060089,0.741817057132721,0.1793113797903061,0.5979623794555664,0.9928998947143555,-2.742648697582566,0.2575595594599014,-0.31043123198919054
0.2,-0.3296220600605011,0.01901625469326973,0.094884492456913,-0.09998667240142822,0.7483230233192444,0.17616425454616547,0.5940413475036621,0.9941530823707581,-2.742648697582566,0.2575595594599014,-0.31043123198919054
0.21,-0.33912980556488037,0.019065015017986298,0.10173940658569336,-0.0973905473947525,0.7538598775863647,0.1719934642314911,0.5902575254440308,0.9952771067619324,-2.742648697582566,0.2575595594599014,-0.31043123198919054
0.22,-0.3490944504737854,0.019304759800434113,0.10872966051101685,-0.09455977380275726,0.7595288157463074,0.16712833940982819,0.5860387086868286,0.9962436556816101,-2.742648697582566,0.2575595594599014,-0.31043123198919054
0.23,-0.3586300313472748,0.019212625920772552,0.11520982533693314,-0.0917268842458725,0.7649633884429932,0.16155648231506348,0.5818952322006226,0.9973553419113159,-2.742648697582566,0.2575595594599014,-0.31043123198919054
0.24,-0.36802583932876587,0.019275125116109848,0.12190274894237518,-0.08925195038318634,0.7700652480125427,0.15647345781326294,0.5780671834945679,0.9982507228851318,-2.742648697582566,0.2575595594599014,-0.31043123198919054
0.25,-0.37731772661209106,0.0191192626953125,0.12874442338943481,-0.08731672167778015,0.7751585841178894,0.15177829563617706,0.5739161372184753,0.9986865520477295,-2.742648697582566,0.2575595594599014,-0.31043123198919054
0.26,-0.3872831165790558,0.019096974283456802,0.136198490858078,-0.08605372905731201,0.7806796431541443,0.1475137323141098,0.5698179006576538,0.9996984601020813,-2.742648697582566,0.2575595594599014,-0.31043123198919054
0.27,-0.3975038230419159,0.018261466175317764,0.14422482252120972,-0.08482755720615387,0.7851682901382446,0.14409030973911285,0.5653467178344727,0.9992637038230896,-2.742648697582566,0.2575595594599014,-0.31043123198919054
0.28,-0.4085436761379242,0.018200300633907318,0.15229475498199463,-0.08414106070995331,0.7908186912536621,0.14171521365642548,0.560488224029541,1.00001859664917,-2.742648697582566,0.2575595594599014,-0.31043123198919054
0.29,-0.41906797885894775,0.017976894974708557,0.16016998887062073,-0.0831761509180069,0.7960614562034607,0.13915841281414032,0.5561656951904297,1.0010108947753906,-2.742648697582566,0.2575595594599014,-0.31043123198919054
0.3,-0.43084433674812317,0.017423637211322784,0.16894662380218506,-0.08281868696212769,0.8024935126304626,0.13718262314796448,0.5505234003067017,1.0016220808029175,-2.742648697582566,0.2575595594599014,-0.31043123198919054
0.31,-0.44297271966934204,0.01698968932032585,0.1776585876941681,-0.08269402384757996,0.8087190985679626,0.1356803923845291,0.5444355010986328,1.0030224323272705,-2.742648697582566,0.2575595594599014,-0.31043123198919054
0.32,-0.45510873198509216,0.016919266432523727,0.18786677718162537,-0.0805719643831253,0.8131945133209229,0.13518144190311432,0.5369572043418884,1.0004459619522095,-2.742648697582566,0.2575595594599014,-0.31043123198919054
0.33,-0.4694308936595917,0.016644373536109924,0.19928684830665588,-0.07874424755573273,0.819118857383728,0.1333969384431839,0.5274491310119629,0.998385488986969,-2.742648697582566,0.2575595594599014,-0.31043123198919054
0.34,-0.48446935415267944,0.016396842896938324,0.21105554699897766,-0.0765828937292099,0.8253909945487976,0.1315654069185257,0.5178770422935486,0.9960862994194031,-2.742648697582566,0.2575595594599014,-0.31043123198919054
0.35000000000000003,-0.5003435611724854,0.01662566512823105,0.22287723422050476,-0.07355351746082306,0.8315450549125671,0.1286034733057022,0.5080477595329285,0.9947344660758972,-2.742648697582566,0.2575595594599014,-0.31043123198919054
0.36,-0.5179122090339661,0.01662108674645424,0.23556160926818848,-0.06942138075828552,0.8372977375984192,0.12367620319128036,0.49701085686683655,0.9935915470123291,-2.742648697582566,0.2575595594599014,-0.31043123198919054
0.37,-0.5356125831604004,0.016347192227840424,0.24825379252433777,-0.06446830928325653,0.8424170613288879,0.11814753711223602,0.4851512610912323,0.9922001957893372,-2.742648697582566,0.2575595594599014,-0.31043123198919054
0.38,-0.5542572140693665,0.016178928315639496,0.26155397295951843,-0.06010991707444191,0.8480840921401978,0.11185477674007416,0.47280409932136536,0.9916266798973083,-2.742648697582566,0.2575595594599014,-0.31043123198919054
0.39,-0.5751600861549377,0.014336556196212769,0.2770313620567322,-0.05660153552889824,0.8531677722930908,0.10654261708259583,0.45897409319877625,0.9902231097221375,-2.742648697582566,0.2575595594599014,-0.31043123198919054
0.4,-0.6005845069885254,0.013555608689785004,0.2959398031234741,-0.0520784817636013,0.8597148656845093,0.1039331778883934,0.4444259703159332,0.9910346269607544,-2.742648697582566,0.2575595594599014,-0.31043123198919054
0.41000000000000003,-0.6268832683563232,0.012382492423057556,0.31687942147254944,-0.05014689639210701,0.865818440914154,0.10252401977777481,0.42860063910484314,0.9898889064788818,-2.742648697582566,0.2575595594599014,-0.31043123198919054
0.42,-0.6520200967788696,0.008109115064144135,0.339629203081131,-0.04991309717297554,0.8690911531448364,0.1053638607263565,0.4118327498435974,0.9836157560348511,-2.742648697582566,0.2575595594599014,-0.31043123198919054
0.43,-0.6790124177932739,0.0062869153916835785,0.3608803153038025,-0.05092446878552437,0.8757297992706299,0.11512616276741028,0.39737918972969055,0.9798756837844849,-2.742648697582566,0.2575595594599014,-0.31043123198919054
0.44,-0.6971312761306763,0.008700132369995117,0.3753621578216553,-0.04936439171433449,0.8824406862258911,0.12632574141025543,0.38747909665107727,0.979774534702301,-2.742648697582566,0.2575595594599014,-0.31043123198919054
0.45,-0.7094088792800903,0.010288506746292114,0.3858323395252228,-0.048058848828077316,0.8878061771392822,0.12969481945037842,0.38111308217048645,0.9820404648780823,-2.742648697582566,0.2575595594599014,-0.31043123198919054
0.46,-0.7197906970977783,0.010166574269533157,0.3947986364364624,-0.04746009781956673,0.889751136302948,0.13082538545131683,0.37455952167510986,0.9804234504699707,-2.742648697582566,0.2575595594599014,-0.31043123198919054
0.47000000000000003,-0.7321093678474426,0.009288419038057327,0.4049875736236572,-0.04750541225075722,0.8919166922569275,0.1342955231666565,0.3664458096027374,0.9787651896476746,-2.742648697582566,0.2575595594599014,-0.31043123198919054
0.48,-0.7442082166671753,0.009993501007556915,0.4155803322792053,-0.04751497134566307,0.8944986462593079,0.14021748304367065,0.35956743359565735,0.979036808013916,-2.742648697582566,0.2575595594599014,-0.31043123198919054
0.49,-0.7534181475639343,0.011724591255187988,0.42471760511398315,-0.04670810326933861,0.8966925144195557,0.14535579085350037,0.3545134961605072,0.98023521900177,-2.742648697582566,0.2575595594599014,-0.31043123198919054
0.0,-0.3361165225505829,-0.13485482335090637,0.02037050575017929,-0.1135859340429306,0.8372848033905029,0.08330859243869781,0.6306023001670837,0.17509207129478455,-1.957083378503885,-0.14247964245111078,-0.3298947659405375
0.01,-0.1881428062915802,-0.031033843755722046,-0.05893833190202713,-0.24824829399585724,0.674561083316803,0.09117251634597778,0.7062300443649292,1.0869204998016357,-1.957083378503885,-0.14247964245111078,-0.3298947659405375
0.02,-0.15831506252288818,-0.039473921060562134,0.10944689065217972,-0.17581431567668915,0.49317076802253723,0.34240221977233887,0.6965802907943726,0.7789363265037537,-1.957083378503885,-0.14247964245111078,-0.3298947659405375
0.03,-0.30667605996131897,-0.024038895964622498,0.06163203716278076,-0.2863014042377472,0.6698575615882874,0.3355600833892822,0.5687593817710876,0.8385166525840759,-1.957083378503885,-0.14247964245111078,-0.3298947659405375
0.04,-0.20367535948753357,-0.023576021194458008,0.026349304243922234,-0.23481450974941254,0.6176902651786804,0.3338507115840912,0.6444574594497681,0.9174497127532959,-1.957083378503885,-0.14247964245111078,-0.3298947659405375
0.05,-0.26335152983665466,-0.017240017652511597,0.09759385138750076,-0.23651276528835297,0.6122598052024841,0.33307594060897827,0.6313101649284363,0.8755049109458923,-1.957083378503885,-0.14247964245111078,-0.3298947659405375
0.06,-0.25519487261772156,-0.029442213475704193,0.05772998556494713,-0.24221257865428925,0.6344065070152283,0.32134896516799927,0.607887327671051,0.8721027970314026,-1.957083378503885,-0.14247964245111078,-0.3298947659405375
0.07,-0.27126699686050415,-0.01509593054652214,0.08832082152366638,-0.22713042795658112,0.6289011836051941,0.3261255621910095,0.6187453866004944,0.8934217691421509,-1.957083378503885,-0.14247964245111078,-0.3298947659405375
0.08,-0.2734914720058441,-0.024055510759353638,0.07757659256458282,-0.22931037843227386,0.640720009803772,0.30973613262176514,0.6089175939559937,0.8848839402198792,-1.957083378503885,-0.14247964245111078,-0.3298947659405375
0.09,-0.28356558084487915,-0.0172056183218956,0.09107787162065506,-0.22090648114681244,0.639089047908783,0.31130993366241455,0.6098779439926147,0.8917288184165955,-1.957083378503885,-0.14247964245111078,-0.3298947659405375
0.1,-0.29153263568878174,-0.02057359740138054,0.09126801788806915,-0.21960100531578064,0.6478885412216187,0.3011934161186218,0.602915346622467,0.8914651274681091,-1.957083378503885,-0.14247964245111078,-0.3298947659405375
0.11,-0.2986350655555725,-0.017023101449012756,0.0979078859090805,-0.21399395167827606,0.6505634784698486,0.29872071743011475,0.6024466753005981,0.8960521221160889,-1.957083378503885,-0.14247964245111078,-0.3298947659405375
0.12,-0.306226909160614,-0.01825854927301407,0.10137863457202911,-0.2107810080051422,0.6558075547218323,0.2911320924758911,0.5980671048164368,0.8968174457550049,-1.957083378503885,-0.14247964245111078,-0.3298947659405375
0.13,-0.3137528598308563,-0.01614968478679657,0.10666153579950333,-0.20655743777751923,0.6597679257392883,0.28741759061813354,0.5953712463378906,0.8995625376701355,-1.957083378503885,-0.14247964245111078,-0.3298947659405375
0.14,-0.32101699709892273,-0.016046322882175446,0.11055966466665268,-0.20302042365074158,0.664341390132904,0.28130993247032166,0.5914238691329956,0.9013553857803345,-1.957083378503885,-0.14247964245111078,-0.3298947659405375
0.15,-0.3285573720932007,-0.014635607600212097,0.11549191176891327,-0.19898228347301483,0.6686011552810669,0.2767913341522217,0.5882892608642578,0.9035868048667908,-1.957083378503885,-0.14247964245111078,-0.3298947659405375
0.16,-0.3360331356525421,-0.013998158276081085,0.11971759796142578,-0.19539770483970642,0.6734510064125061,0.2712625563144684,0.584693431854248,0.9054573178291321,-1.957083378503885,-0.14247964245111078,-0.3298947659405375
0.17,-0.3434305489063263,-0.012863829731941223,0.12433257699012756,-0.19154787063598633,0.6779326796531677,0.2663399875164032,0.5815038681030273,0.9074845314025879,-1.957083378503885,-0.14247964245111078,-0.3298947659405375
0.18,-0.3510792553424835,-0.012068971991539001,0.1288038194179535,-0.18790119886398315,0.6826803088188171,0.2609972357749939,0.5780694484710693,0.9095156788825989,-1.957083378503885,-0.14247964245111078,-0.3298947659405375
0.19,-0.35908159613609314,-0.01099897176027298,0.13350027799606323,-0.184284970164299,0.6876776814460754,0.2558826506137848,0.574997067451477,0.9121047854423523,-1.957083378503885,-0.14247964245111078,-0.3298947659405375
0.2,-0.3661709129810333,-0.010203395038843155,0.13809195160865784,-0.1803271323442459,0.6919457316398621,0.2505049407482147,0.5722132921218872,0.9138928055763245,-1.957083378503885,-0.14247964245111078,-0.3298947659405375
0.21,-0.37396734952926636,-0.009601585566997528,0.14384855329990387,-0.17617987096309662,0.6962167620658875,0.24551133811473846,0.5689287185668945,0.9144579768180847,-1.957083378503885,-0.14247964245111078,-0.3298947659405375
0.22,-0.3823440372943878,-0.009258367121219635,0.14983460307121277,-0.17242063581943512,0.7007648348808289,0.24058040976524353,0.5649604201316833,0.9149045348167419,-1.957083378503885,-0.14247964245111078,-0.3298947659405375
0.23,-0.3918365240097046,-0.008722066879272461,0.15809211134910583,-0.16770470142364502,0.7043753862380981,0.23706115782260895,0.5598855018615723,0.9129859209060669,-1.957083378503885,-0.14247964245111078,-0.3298947659405375
0.24,-0.40290728211402893,-0.0085916668176651,0.1659592092037201,-0.16343367099761963,0.7090703248977661,0.23312343657016754,0.5535517334938049,0.9111590385437012,-1.957083378503885,-0.14247964245111078,-0.3298947659405375
0.25,-0.41290831565856934,-0.008147202432155609,0.17306119203567505,-0.1587023138999939,0.7131490111351013,0.22939062118530273,0.5478550791740417,0.9090315699577332,-1.957083378503885,-0.14247964245111078,-0.3298947659405375
0.26,-0.422788143157959,-0.007484186440706253,0.18017709255218506,-0.15367957949638367,0.7170250415802002,0.22442525625228882,0.5420555472373962,0.9077762365341187,-1.957083378503885,-0.14247964245111078,-0.3298947659405375
0.27,-0.43242594599723816,-0.007218189537525177,0.18722739815711975,-0.14834041893482208,0.7207039594650269,0.21897532045841217,0.5363152623176575,0.9060899019241333,-1.957083378503885,-0.14247964245111078,-0.3298947659405375
0.28,-0.4430311918258667,-0.00665958970785141,0.19448602199554443,-0.14208339154720306,0.7234770655632019,0.2131628841161728,0.5293217301368713,0.9052413702011108,-1.957083378503885,-0.14247964245111078,-0.3298947659405375
0.29,-0.4545925259590149,-0.007153008133172989,0.20245471596717834,-0.1354263871908188,0.7262496948242188,0.20748363435268402,0.5222762823104858,0.9037227034568787,-1.957083378503885,-0.14247964245111078,-0.3298947659405375
0.3,-0.46669426560401917,-0.00715961679816246,0.21018406748771667,-0.12895259261131287,0.7289969325065613,0.20330755412578583,0.5152132511138916,0.9024419188499451,-1.957083378503885,-0.14247964245111078,-0.3298947659405375
0.31,-0.4786064326763153,-0.006695613265037537,0.2173290252685547,-0.12288336455821991,0.7328004240989685,0.1993200182914734,0.5078662633895874,0.9020892977714539,-1.957083378503885,-0.14247964245111078,-0.3298947659405375
0.32,-0.4905206859111786,-0.006207961589097977,0.22467449307441711,-0.11663280427455902,0.7368753552436829,0.19483833014965057,0.5009182095527649,0.9023790955543518,-1.957083378503885,-0.14247964245111078,-0.3298947659405375
0.33,-0.5025629997253418,-0.0056944116950035095,0.23202651739120483,-0.11077190935611725,0.7409073114395142,0.19012996554374695,0.49371474981307983,0.9026625752449036,-1.957083378503885,-0.14247964245111078,-0.3298947659405375
0.34,-0.5172978639602661,-0.005215972661972046,0.24246785044670105,-0.1056831032037735,0.7475244402885437,0.18561238050460815,0.4859417676925659,0.904126763343811,-1.957083378503885,-0.14247964245111078,-0.3298947659405375
0.35000000000000003,-0.5313156247138977,-0.005270086228847504,0.2524772882461548,-0.10147885978221893,0.7534381151199341,0.18197931349277496,0.4774570167064667,0.9038081765174866,-1.957083378503885,-0.14247964245111078,-0.3298947659405375
0.36,-0.5462559461593628,-0.005290791392326355,0.26275017857551575,-0.09642766416072845,0.7589740753173828,0.1795153021812439,0.46898260712623596,0.904638409614563,-1.957083378503885,-0.14247964245111078,-0.3298947659405375
0.37,-0.5612859129905701,-0.005005635321140289,0.2726089656352997,-0.09160661697387695,0.7653675675392151,0.17773133516311646,0.46006813645362854,0.9061756730079651,-1.957083378503885,-0.14247964245111078,-0.3298947659405375
0.38,-0.5740898847579956,-0.004644617438316345,0.2804155945777893,-0.08699926733970642,0.7716626524925232,0.1748753786087036,0.4526796042919159,0.9085124731063843,-1.957083378503885,-0.14247964245111078,-0.3298947659405375
0.39,-0.5852257013320923,-0.004164073616266251,0.28794893622398376,-0.08136668801307678,0.7767397165298462,0.17112377285957336,0.4466749131679535,0.9110458493232727,-1.957083378503885,-0.14247964245111078,-0.3298947659405375
0.4,-0.5972396731376648,-0.0035657361149787903,0.29545462131500244,-0.07565295696258545,0.7824211716651917,0.16635020077228546,0.4406375586986542,0.9137032628059387,-1.957083378503885,-0.14247964245111078,-0.3298947659405375
0.41000000000000003,-0.6085155606269836,-0.00282181054353714,0.30211347341537476,-0.07051131129264832,0.7877231240272522,0.16124342381954193,0.4347490966320038,0.9159659147262573,-1.957083378503885,-0.14247964245111078,-0.3298947659405375
0.42,-0.6185786724090576,-0.0023877471685409546,0.30709904432296753,-0.06677354872226715,0.7930225729942322,0.15564337372779846,0.4295092821121216,0.9175975918769836,-1.957083378503885,-0.14247964245111078,-0.3298947659405375
0.43,-0.6279361844062805,-0.0026670917868614197,0.3112303614616394,-0.06302902102470398,0.7973924279212952,0.15052761137485504,0.42468151450157166,0.9178362488746643,-1.957083378503885,-0.14247964245111078,-0.3298947659405375
0.44,-0.6371617317199707,-0.003048095852136612,0.31545954942703247,-0.06174821779131889,0.8023095726966858,0.1458136886358261,0.4203645884990692,0.9184420704841614,-1.957083378503885,-0.14247964245111078,-0.3298947659405375
0.45,-0.6429011225700378,-0.003632061183452606,0.31842073798179626,-0.06098364666104317,0.8052930235862732,0.1420947164297104,0.4173320233821869,0.9166820049285889,-1.957083378503885,-0.14247964245111078,-0.3298947659405375
0.46,-0.6490156650543213,-0.003972746431827545,0.32211053371429443,-0.059661950916051865,0.8088163137435913,0.13891549408435822,0.4146878719329834,0.9161151051521301,-1.957083378503885,-0.14247964245111078,-0.3298947659405375
0.47000000000000003,-0.6540889739990234,-0.003957418724894524,0.3248518705368042,-0.05862708017230034,0.8124056458473206,0.1359816938638687,0.41317781805992126,0.9161453247070312,-1.957083378503885,-0.14247964245111078,-0.3298947659405375
0.48,-0.6578267812728882,-0.0036279503256082535,0.3269153833389282,-0.05724617466330528,0.8155544996261597,0.13291500508785248,0.41288408637046814,0.9168024659156799,-1.957083378503885,-0.14247964245111078,-0.3298947659405375
0.49,-0.6611232757568359,-0.003083273768424988,0.3287571668624878,-0.05563676729798317,0.8184800148010254,0.1293327361345291,0.4127013683319092,0.9174949526786804,-1.957083378503885,-0.14247964245111078,-0.3298947659405375
0.0,-0.27865928411483765,-0.061017587780952454,0.0038187801837921143,-0.07430204749107361,0.8272298574447632,0.10038216412067413,0.6661322116851807,0.04380000755190849,-2.61618688203538,-0.1847197593114202,-0.25633253019140345
0.01,-0.2238312065601349,-0.06723865866661072,0.010877527296543121,-0.2778494656085968,0.722041666507721,0.05037680268287659,0.6923362016677856,0.632466197013855,-2.61618688203538,-0.1847197593114202,-0.25633253019140345
0.02,-0.14900672435760498,-0.03738757222890854,-0.019703760743141174,-0.179948627948761,0.5635973215103149,0.300581157207489,0.6069024801254272,0.8914494514465332,-2.61618688203538,-0.1847197593114202,-0.25633253019140345
0.03,-0.2789621949195862,0.004037134349346161,0.08415788412094116,-0.24928252398967743,0.6597092747688293,0.3673013746738434,0.6071892976760864,0.8778663277626038,-2.61618688203538,-0.1847197593114202,-0.25633253019140345
0.04,-0.21650508046150208,-0.010547712445259094,0.014267101883888245,-0.24803553521633148,0.6399157643318176,0.3410298824310303,0.5939465165138245,0.9051738381385803,-2.61618688203538,-0.1847197593114202,-0.25633253019140345
0.05,-0.25857970118522644,-0.001084849238395691,0.07867028564214706,-0.2281733900308609,0.6346777081489563,0.3596137464046478,0.5992979407310486,0.8873502016067505,-2.61618688203538,-0.1847197593114202,-0.25633253019140345
0.06,-0.25828254222869873,-0.00479690358042717,0.04811520129442215,-0.24164266884326935,0.6595803499221802,0.3424837589263916,0.5794611573219299,0.8928011059761047,-2.61618688203538,-0.1847197593114202,-0.25633253019140345
0.07,-0.26659852266311646,-0.002264931797981262,0.07035501301288605,-0.22164267301559448,0.648891031742096,0.34139397740364075,0.5887572765350342,0.9069626927375793,-2.61618688203538,-0.1847197593114202,-0.25633253019140345
0.08,-0.2788006365299225,-0.0028781555593013763,0.07057789713144302,-0.2270788997411728,0.6641630530357361,0.3362528681755066,0.5765501260757446,0.9033998847007751,-2.61618688203538,-0.1847197593114202,-0.25633253019140345
0.09,-0.28416740894317627,-0.0011010915040969849,0.07628858089447021,-0.2173931747674942,0.6638534069061279,0.33198845386505127,0.576783299446106,0.9148000478744507,-2.61618688203538,-0.1847197593114202,-0.25633253019140345
0.1,-0.29408082365989685,-0.0009125992655754089,0.08260583877563477,-0.21508921682834625,0.6714848875999451,0.3272414803504944,0.5717639923095703,0.9164780974388123,-2.61618688203538,-0.1847197593114202,-0.25633253019140345
0.11,-0.30164217948913574,0.00022059306502342224,0.08693543076515198,-0.21067248284816742,0.6758358478546143,0.3221086859703064,0.5687328577041626,0.9232074618339539,-2.61618688203538,-0.1847197593114202,-0.25633253019140345
0.12,-0.31002292037010193,0.0005602873861789703,0.09317687153816223,-0.2066032588481903,0.6806125640869141,0.31753700971603394,0.5649320483207703,0.92597895860672,-2.61618688203538,-0.1847197593114202,-0.25633253019140345
0.13,-0.31861937046051025,0.0012619532644748688,0.09826990962028503,-0.20310451090335846,0.6858488917350769,0.31286394596099854,0.5607786774635315,0.9293678402900696,-2.61618688203538,-0.1847197593114202,-0.25633253019140345
0.14,-0.32672813534736633,0.001725316047668457,0.1036754921078682,-0.19909848272800446,0.6904832124710083,0.30809998512268066,0.5569311380386353,0.9326831698417664,-2.61618688203538,-0.1847197593114202,-0.25633253019140345
0.15,-0.3346215784549713,0.0022914260625839233,0.10868746787309647,-0.19541794061660767,0.695228099822998,0.3031022846698761,0.5532693862915039,0.9362502694129944,-2.61618688203538,-0.1847197593114202,-0.25633253019140345
0.16,-0.3422558307647705,0.0026402026414871216,0.1137087270617485,-0.19144181907176971,0.6994669437408447,0.2980726659297943,0.5497000217437744,0.9394227862358093,-2.61618688203538,-0.1847197593114202,-0.25633253019140345
0.17,-0.35040047764778137,0.003125179558992386,0.11890851706266403,-0.18765410780906677,0.7041038274765015,0.2931043803691864,0.5461065173149109,0.942827045917511,-2.61618688203538,-0.1847197593114202,-0.25633253019140345
0.18,-0.3588167428970337,0.0035432055592536926,0.12415830045938492,-0.18388284742832184,0.7088766694068909,0.28789544105529785,0.5426957607269287,0.9467980265617371,-2.61618688203538,-0.1847197593114202,-0.25633253019140345
0.19,-0.36846283078193665,0.0038331076502799988,0.13162048161029816,-0.17928452789783478,0.7127110958099365,0.2834520936012268,0.5378721952438354,0.9483289122581482,-2.61618688203538,-0.1847197593114202,-0.25633253019140345
0.2,-0.3799631893634796,0.004055310040712357,0.13944533467292786,-0.17505082488059998,0.7177037000656128,0.27908337116241455,0.5319401025772095,0.9494823813438416,-2.61618688203538,-0.1847197593114202,-0.25633253019140345
0.21,-0.39113911986351013,0.0042217932641506195,0.14751717448234558,-0.17066200077533722,0.7219325304031372,0.27493348717689514,0.5258877277374268,0.949817955493927,-2.61618688203538,-0.1847197593114202,-0.25633253019140345
0.22,-0.4021861255168915,0.004442662000656128,0.15580934286117554,-0.1659511774778366,0.7259717583656311,0.2709212005138397,0.5194270610809326,0.9501664042472839,-2.61618688203538,-0.1847197593114202,-0.25633253019140345
0.23,-0.41392654180526733,0.004902847111225128,0.16496849060058594,-0.161147341132164,0.7309141159057617,0.2665196657180786,0.5131435394287109,0.9511392712593079,-2.61618688203538,-0.1847197593114202,-0.25633253019140345
0.24,-0.4257303774356842,0.00527404248714447,0.17446202039718628,-0.15725909173488617,0.735939085483551,0.2618217170238495,0.5066865682601929,0.9518222212791443,-2.61618688203538,-0.1847197593114202,-0.25633253019140345
0.25,-0.4370504319667816,0.005392804741859436,0.18363338708877563,-0.15330107510089874,0.7405174374580383,0.2576936185359955,0.500143826007843,0.9510879516601562,-2.61618688203538,-0.1847197593114202,-0.25633253019140345
0.26,-0.4484693109989166,0.005548309534788132,0.19290447235107422,-0.14911459386348724,0.7451147437095642,0.2535373568534851,0.49376097321510315,0.950414776802063,-2.61618688203538,-0.1847197593114202,-0.25633253019140345
0.27,-0.45945024490356445,0.005503688007593155,0.2022508680820465,-0.14490585029125214,0.749216616153717,0.24925871193408966,0.4875580370426178,0.9490177631378174,-2.61618688203538,-0.1847197593114202,-0.25633253019140345
0.28,-0.4713952839374542,0.005469039082527161,0.21249645948410034,-0.14050401747226715,0.7539410591125488,0.24533511698246002,0.48129013180732727,0.9474408030509949,-2.61618688203538,-0.1847197593114202,-0.25633253019140345
0.29,-0.4837910830974579,0.005758374929428101,0.22306612133979797,-0.13570798933506012,0.7600224018096924,0.2409440129995346,0.47522738575935364,0.9468764662742615,-2.61618688203538,-0.1847197593114202,-0.25633253019140345
0.3,-0.49665752053260803,0.005986437201499939,0.23334667086601257,-0.1316383332014084,0.766291081905365,0.23635004460811615,0.4693509042263031,0.9469838738441467,-2.61618688203538,-0.1847197593114202,-0.25633253019140345
0.31,-0.5095207095146179,0.0049261674284935,0.24446377158164978,-0.12668420374393463,0.7704135775566101,0.23235909640789032,0.4631269872188568,0.9449846744537354,-2.61618688203538,-0.1847197593114202,-0.25633253019140345
0.32,-0.525549054145813,0.004452463239431381,0.2572871148586273,-0.12188686430454254,0.7765747308731079,0.2292436957359314,0.4565204977989197,0.944678783416748,-2.61618688203538,-0.1847197593114202,-0.25633253019140345
0.33,-0.5409657955169678,0.0043965354561805725,0.26933953166007996,-0.117327019572258,0.7819588780403137,0.22542636096477509,0.44912490248680115,0.9445975422859192,-2.61618688203538,-0.1847197593114202,-0.25633253019140345
0.34,-0.5567742586135864,0.004030678421258926,0.2812238335609436,-0.11167305707931519,0.787476122379303,0.22094981372356415,0.4404700696468353,0.9448378682136536,-2.61618688203538,-0.1847197593114202,-0.25633253019140345
0.35000000000000003,-0.5736027956008911,0.003798212856054306,0.2937147617340088,-0.10586562752723694,0.7936862111091614,0.2158443033695221,0.4322985112667084,0.9461777806282043,-2.61618688203538,-0.1847197593114202,-0.25633253019140345
0.36,-0.589889645576477,0.0035241805016994476,0.3049723207950592,-0.10125283896923065,0.8001887202262878,0.21057367324829102,0.42455580830574036,0.9467142820358276,-2.61618688203538,-0.1847197593114202,-0.25633253019140345
0.37,-0.6062774062156677,0.0033964738249778748,0.31666919589042664,-0.09703119099140167,0.8062087297439575,0.2056991457939148,0.4161452353000641,0.9468143582344055,-2.61618688203538,-0.1847197593114202,-0.25633253019140345
0.38,-0.6231948733329773,0.0031449757516384125,0.32874903082847595,-0.0924505740404129,0.812696635723114,0.20088841021060944,0.40735796093940735,0.9465741515159607,-2.61618688203538,-0.1847197593114202,-0.25633253019140345
0.39,-0.6405079364776611,0.002506781369447708,0.3405798077583313,-0.08679799735546112,0.8189260959625244,0.19601376354694366,0.39815646409988403,0.9459817409515381,-2.61618688203538,-0.1847197593114202,-0.25633253019140345
0.4,-0.658710777759552,0.0020982809364795685,0.3521870970726013,-0.0817839503288269,0.8256028294563293,0.1910412460565567,0.388393372297287,0.9455763101577759,-2.61618688203538,-0.1847197593114202,-0.25633253019140345
0.41000000000000003,-0.6765248775482178,0.0013741441071033478,0.36248713731765747,-0.07714854180812836,0.8319874405860901,0.1871802806854248,0.3787674605846405,0.9454553723335266,-2.61618688203538,-0.1847197593114202,-0.25633253019140345
0.42,-0.6941812038421631,9.271875023841858e-05,0.3737415671348572,-0.07669062912464142,0.8369646668434143,0.18650011718273163,0.37046197056770325,0.9454896450042725,-2.61618688203538,-0.1847197593114202,-0.25633253019140345
0.43,-0.708492636680603,-0.0003675594925880432,0.3841855227947235,-0.07656440138816833,0.8417702317237854,0.19154828786849976,0.36329033970832825,0.9440654516220093,-2.61618688203538,-0.1847197593114202,-0.25633253019140345
0.44,-0.7216801643371582,0.0011418983340263367,0.3940798044204712,-0.0745777040719986,0.8478135466575623,0.19584079086780548,0.35844704508781433,0.9471086859703064,-2.61618688203538,-0.1847197593114202,-0.25633253019140345
0.45,-0.7318549156188965,0.001973334699869156,0.4013194441795349,-0.07476828992366791,0.8526991009712219,0.19658425450325012,0.35385265946388245,0.9489219784736633,-2.61618688203538,-0.1847197593114202,-0.25633253019140345
0.46,-0.7405542135238647,0.001702088862657547,0.40748652815818787,-0.07394149899482727,0.8555092215538025,0.1972510665655136,0.34946051239967346,0.9487326741218567,-2.61618688203538,-0.1847197593114202,-0.25633253019140345
0.47000000000000003,-0.7508089542388916,0.0015815012156963348,0.41442519426345825,-0.07304717600345612,0.8589344024658203,0.1980346292257309,0.34617480635643005,0.9510757327079773,-2.61618688203538,-0.1847197593114202,-0.25633253019140345
0.48,-0.7590269446372986,0.001204419881105423,0.41969722509384155,-0.0728548914194107,0.8622705340385437,0.19947387278079987,0.34365299344062805,0.9521289467811584,-2.61618688203538,-0.1847197593114202,-0.25633253019140345
0.49,-0.7669875621795654,0.0015430152416229248,0.4250524044036865,-0.07167695462703705,0.8655514717102051,0.20092378556728363,0.34207674860954285,0.9542297720909119,-2.61618688203538,-0.1847197593114202,-0.25633253019140345
0.0,-0.12816834449768066,-0.007831282913684845,-0.08666800707578659,-0.00036451593041419983,0.8796546459197998,0.034074943512678146,0.7584829926490784,-0.007652949541807175,-2.983892951759858,0.19315202320292052,-0.3047152948925091
0.01,-0.016278520226478577,-0.0905333086848259,0.1423688530921936,-0.07519586384296417,0.6373606324195862,-0.18219195306301117,0.6318568587303162,0.05321731045842171,-2.983892951759858,0.19315202320292052,-0.3047152948925091
0.02,-0.1530849039554596,-0.1048186644911766,-0.03757832199335098,0.052715007215738297,0.7504360675811768,-0.15725386142730713,0.6175658106803894,0.27916914224624634,-2.983892951759858,0.19315202320292052,-0.3047152948925091
0.03,-0.20186322927474976,-0.028524361550807953,-0.08726430684328079,-0.040322769433259964,0.8366574048995972,-0.18066652119159698,0.7642624974250793,1.0177100896835327,-2.983892951759858,0.19315202320292052,-0.3047152948925091
0.04,-0.10095173120498657,-0.00584527850151062,-0.0036267489194869995,-0.014112196862697601,0.5446444749832153,0.06849706172943115,0.7470774054527283,1.0480233430862427,-2.983892951759858,0.19315202320292052,-0.3047152948925091
0.05,-0.21558377146720886,0.015668310225009918,-0.0020193085074424744,-0.14873063564300537,0.6936457753181458,0.19196070730686188,0.6388920545578003,0.913077175617218,-2.983892951759858,0.19315202320292052,-0.3047152948925091
0.06,-0.18564705550670624,-0.011282172054052353,-0.021309643983840942,-0.14917460083961487,0.6757922768592834,0.2247457057237625,0.648711621761322,0.9889748096466064,-2.983892951759858,0.19315202320292052,-0.3047152948925091
0.07,-0.23063594102859497,0.03535378724336624,0.03319024667143822,-0.15254196524620056,0.6926330924034119,0.2787776291370392,0.6594987511634827,0.9931275248527527,-2.983892951759858,0.19315202320292052,-0.3047152948925091
0.08,-0.2099420130252838,0.010946512222290039,0.013603687286376953,-0.1484396755695343,0.6877710223197937,0.24948947131633759,0.6331835985183716,0.9640201926231384,-2.983892951759858,0.19315202320292052,-0.3047152948925091
0.09,-0.23519253730773926,0.01853504776954651,0.030913444235920906,-0.14269043505191803,0.6982148289680481,0.2525073289871216,0.6355252265930176,0.9799503087997437,-2.983892951759858,0.19315202320292052,-0.3047152948925091
0.1,-0.23682677745819092,0.017215043306350708,0.030443018302321434,-0.1409362405538559,0.7040795683860779,0.2452259063720703,0.6291488409042358,0.9823204278945923,-2.983892951759858,0.19315202320292052,-0.3047152948925091
0.11,-0.24728438258171082,0.017884977161884308,0.0395282581448555,-0.1347501277923584,0.7066319584846497,0.2407187819480896,0.6273159980773926,0.9859366416931152,-2.983892951759858,0.19315202320292052,-0.3047152948925091
0.12,-0.2558203339576721,0.018678337335586548,0.043558672070503235,-0.1327233761548996,0.7135900855064392,0.2356596142053604,0.6217608451843262,0.9878464937210083,-2.983892951759858,0.19315202320292052,-0.3047152948925091
0.13,-0.26370561122894287,0.018204685300588608,0.04935646802186966,-0.12784112989902496,0.7168990969657898,0.2301604300737381,0.6184163093566895,0.9918416142463684,-2.983892951759858,0.19315202320292052,-0.3047152948925091
0.14,-0.27352866530418396,0.019589558243751526,0.05552571639418602,-0.12495198845863342,0.7230163216590881,0.22584490478038788,0.6142673492431641,0.9950836896896362,-2.983892951759858,0.19315202320292052,-0.3047152948925091
0.15,-0.2819749116897583,0.01907385140657425,0.06141141429543495,-0.12164220213890076,0.727749228477478,0.22047953307628632,0.6102818250656128,0.9986243844032288,-2.983892951759858,0.19315202320292052,-0.3047152948925091
0.16,-0.2918239235877991,0.019818268716335297,0.06849309802055359,-0.11897148191928864,0.733363687992096,0.21711574494838715,0.6061378717422485,1.001559853553772,-2.983892951759858,0.19315202320292052,-0.3047152948925091
0.17,-0.3006632626056671,0.019730843603610992,0.0749044120311737,-0.11623509228229523,0.7384700179100037,0.21319551765918732,0.6014557480812073,1.0038727521896362,-2.983892951759858,0.19315202320292052,-0.3047152948925091
0.18,-0.3102598786354065,0.020171012729406357,0.08178751170635223,-0.11351944506168365,0.7439917922019958,0.20970427989959717,0.5970793962478638,1.006751537322998,-2.983892951759858,0.19315202320292052,-0.3047152948925091
0.19,-0.3192877769470215,0.02047993615269661,0.08878818154335022,-0.10998876392841339,0.749574601650238,0.20543773472309113,0.5924985408782959,1.009940266609192,-2.983892951759858,0.19315202320292052,-0.3047152948925091
0.2,-0.3284524381160736,0.020675059407949448,0.09559279680252075,-0.10640697181224823,0.7553701996803284,0.20029035210609436,0.5882443189620972,1.0137138366699219,-2.983892951759858,0.19315202320292052,-0.3047152948925091
0.21,-0.33741888403892517,0.020501818507909775,0.10228995233774185,-0.1031104177236557,0.7606143355369568,0.19523315131664276,0.583824634552002,1.0154894590377808,-2.983892951759858,0.19315202320292052,-0.3047152948925091
0.22,-0.34697672724723816,0.020502671599388123,0.10901585966348648,-0.09989313781261444,0.765881359577179,0.1899721771478653,0.5790085196495056,1.0176219940185547,-2.983892951759858,0.19315202320292052,-0.3047152948925091
0.23,-0.3564926087856293,0.02048400789499283,0.11577535420656204,-0.09620268642902374,0.7710213661193848,0.18435071408748627,0.5745649337768555,1.0191823244094849,-2.983892951759858,0.19315202320292052,-0.3047152948925091
0.24,-0.3652828633785248,0.020062066614627838,0.12153063714504242,-0.09288252890110016,0.7762936949729919,0.17821267247200012,0.5704883337020874,1.0198965072631836,-2.983892951759858,0.19315202320292052,-0.3047152948925091
0.25,-0.37502941489219666,0.01978272944688797,0.12812411785125732,-0.08953225612640381,0.7815991044044495,0.17219789326190948,0.566756010055542,1.0214899778366089,-2.983892951759858,0.19315202320292052,-0.3047152948925091
0.26,-0.38558679819107056,0.01962072029709816,0.13573086261749268,-0.08762972056865692,0.7882286906242371,0.16687138378620148,0.5634998083114624,1.0234954357147217,-2.983892951759858,0.19315202320292052,-0.3047152948925091
0.27,-0.39567866921424866,0.019576307386159897,0.14307299256324768,-0.08635261654853821,0.7939204573631287,0.16239137947559357,0.559921383857727,1.0244989395141602,-2.983892951759858,0.19315202320292052,-0.3047152948925091
0.28,-0.4057300388813019,0.019300494343042374,0.15074896812438965,-0.08512972295284271,0.7993165850639343,0.15828879177570343,0.5558602809906006,1.0254707336425781,-2.983892951759858,0.19315202320292052,-0.3047152948925091
0.29,-0.41604122519493103,0.018979273736476898,0.1585206687450409,-0.08394652605056763,0.8045524954795837,0.15475372970104218,0.5515239238739014,1.0261530876159668,-2.983892951759858,0.19315202320292052,-0.3047152948925091
0.3,-0.4280608892440796,0.01832479238510132,0.16730594635009766,-0.08271913230419159,0.8102235794067383,0.15165206789970398,0.5458357334136963,1.0260851383209229,-2.983892951759858,0.19315202320292052,-0.3047152948925091
0.31,-0.4412876069545746,0.017700552940368652,0.17674198746681213,-0.08170965313911438,0.8171418309211731,0.14881035685539246,0.5398944020271301,1.027063250541687,-2.983892951759858,0.19315202320292052,-0.3047152948925091
0.32,-0.45487019419670105,0.017885781824588776,0.1888216733932495,-0.07858413457870483,0.8218286633491516,0.14695647358894348,0.5325076580047607,1.0240707397460938,-2.983892951759858,0.19315202320292052,-0.3047152948925091
0.33,-0.4700751006603241,0.017113633453845978,0.20116162300109863,-0.0760209858417511,0.828338086605072,0.14314748346805573,0.5235804915428162,1.0216364860534668,-2.983892951759858,0.19315202320292052,-0.3047152948925091
0.34,-0.48592278361320496,0.016773931682109833,0.21388062834739685,-0.07365129888057709,0.8346902132034302,0.13967372477054596,0.5152835845947266,1.0192971229553223,-2.983892951759858,0.19315202320292052,-0.3047152948925091
0.35000000000000003,-0.5009470582008362,0.016283772885799408,0.22612184286117554,-0.07065936923027039,0.8394147157669067,0.13615383207798004,0.5060218572616577,1.0158945322036743,-2.983892951759858,0.19315202320292052,-0.3047152948925091
0.36,-0.5189924240112305,0.01625390350818634,0.23969706892967224,-0.06659150123596191,0.8445603847503662,0.1317296028137207,0.494299978017807,1.0140935182571411,-2.983892951759858,0.19315202320292052,-0.3047152948925091
0.37,-0.539158821105957,0.014553137123584747,0.25470927357673645,-0.06158241257071495,0.8508264422416687,0.12655024230480194,0.48218026757240295,1.012109398841858,-2.983892951759858,0.19315202320292052,-0.3047152948925091
0.38,-0.561095654964447,0.013529963791370392,0.2704223096370697,-0.057131823152303696,0.857728898525238,0.12162172794342041,0.47004222869873047,1.01169753074646,-2.983892951759858,0.19315202320292052,-0.3047152948925091
0.39,-0.585242748260498,0.011265240609645844,0.2888299822807312,-0.055521223694086075,0.8634185194969177,0.11843901127576828,0.4549804627895355,1.0096453428268433,-2.983892951759858,0.19315202320292052,-0.3047152948925091
0.4,-0.6115517020225525,0.009793505072593689,0.3096364140510559,-0.05378138646483421,0.8686884045600891,0.11980573832988739,0.43833914399147034,1.0068711042404175,-2.983892951759858,0.19315202320292052,-0.3047152948925091
0.41000000000000003,-0.6398580074310303,0.008077487349510193,0.33124154806137085,-0.05226139351725578,0.8780882954597473,0.12397102266550064,0.4221208095550537,1.0045474767684937,-2.983892951759858,0.19315202320292052,-0.3047152948925091
0.42,-0.6631858348846436,0.00768589973449707,0.3512458801269531,-0.052296970039606094,0.8840622305870056,0.1279238909482956,0.40928915143013,1.0017995834350586,-2.983892951759858,0.19315202320292052,-0.3047152948925091
0.43,-0.6846882700920105,0.006395753473043442,0.370039701461792,-0.05166945978999138,0.8882377743721008,0.1328214555978775,0.39632925391197205,0.9974375367164612,-2.983892951759858,0.19315202320292052,-0.3047152948925091
0.44,-0.7062325477600098,0.006187569350004196,0.387327641248703,-0.05026658996939659,0.8938875794410706,0.14047394692897797,0.3845851421356201,0.9968059659004211,-2.983892951759858,0.19315202320292052,-0.3047152948925091
0.45,-0.7243413329124451,0.00873091071844101,0.4001345634460449,-0.04812953993678093,0.89887934923172,0.14799799025058746,0.37557533383369446,0.9986629486083984,-2.983892951759858,0.19315202320292052,-0.3047152948925091
0.46,-0.7384756803512573,0.010467138141393661,0.4116475582122803,-0.04623764380812645,0.9028986096382141,0.15297481417655945,0.368232399225235,1.0004695653915405,-2.983892951759858,0.19315202320292052,-0.3047152948925091
0.47000000000000003,-0.7521728277206421,0.010852392762899399,0.42214226722717285,-0.04523380473256111,0.9058535099029541,0.15679135918617249,0.36125829815864563,1.001968264579773,-2.983892951759858,0.19315202320292052,-0.3047152948925091
0.48,-0.7655228972434998,0.011563748121261597,0.4333597719669342,-0.04496518895030022,0.908349871635437,0.1618906557559967,0.35482677817344666,1.0024250745773315,-2.983892951759858,0.19315202320292052,-0.3047152948925091
0.49,-0.7765734791755676,0.012462332844734192,0.44345688819885254,-0.045298200100660324,0.9099998474121094,0.167357936501503,0.34870266914367676,1.003342866897583,-2.983892951759858,0.19315202320292052,-0.3047152948925091
0.0,-0.18980711698532104,-0.00026078522205352783,-0.0511566624045372,-0.036977369338274,0.90935879945755,0.08130889385938644,0.798851728439331,-0.00803813710808754,-3.49276760136176,-0.133835883648945,-0.3099349274618257
0.01,-0.0889909490942955,-0.09275005757808685,0.1426285207271576,-0.1475202590227127,0.6641339659690857,-0.1019279956817627,0.6242110133171082,0.06283767521381378,-3.49276760136176,-0.133835883648945,-0.3099349274618257
0.02,-0.24195650219917297,-0.13097229599952698,-0.02244000881910324,-0.054085250943899155,0.7656698822975159,-0.011640770360827446,0.6122865676879883,0.3158388137817383,-3.49276760136176,-0.133835883648945,-0.3099349274618257
0.03,-0.3089362382888794,-0.020961597561836243,-0.044163696467876434,-0.18082906305789948,0.8890954852104187,0.07344701141119003,0.7627849578857422,1.1335703134536743,-3.49276760136176,-0.133835883648945,-0.3099349274618257
0.04,-0.09338212758302689,-0.0027298256754875183,-0.013842273503541946,-0.15512198209762573,0.575669527053833,0.286945104598999,0.7323406934738159,1.050406575202942,-3.49276760136176,-0.133835883648945,-0.3099349274618257
0.05,-0.2562432289123535,-0.00917670875787735,0.06981141865253448,-0.23321940004825592,0.6960089802742004,0.3678174614906311,0.6126350164413452,0.8686787486076355,-3.49276760136176,-0.133835883648945,-0.3099349274618257
0.06,-0.20710599422454834,0.011141747236251831,-0.019768286496400833,-0.2479143589735031,0.7499340176582336,0.35931867361068726,0.6426318883895874,0.9835571050643921,-3.49276760136176,-0.133835883648945,-0.3099349274618257
0.07,-0.22643741965293884,-0.0028864219784736633,0.05240365117788315,-0.20634593069553375,0.6812299489974976,0.3581669330596924,0.6541138887405396,0.9677868485450745,-3.49276760136176,-0.133835883648945,-0.3099349274618257
0.08,-0.2384818196296692,0.006823047995567322,0.02736308053135872,-0.24080698192119598,0.7331997752189636,0.3681028485298157,0.6266393661499023,0.9447750449180603,-3.49276760136176,-0.133835883648945,-0.3099349274618257
0.09,-0.24316543340682983,0.0035117939114570618,0.04506842419505119,-0.21411801874637604,0.7160750031471252,0.35962992906570435,0.6337183117866516,0.9633384346961975,-3.49276760136176,-0.133835883648945,-0.3099349274618257
0.1,-0.2558779716491699,0.0058439671993255615,0.047200288623571396,-0.22089378535747528,0.7310147881507874,0.35619884729385376,0.6246856451034546,0.9599331617355347,-3.49276760136176,-0.133835883648945,-0.3099349274618257
0.11,-0.26155441999435425,0.004951842129230499,0.053579576313495636,-0.21157436072826385,0.7304313778877258,0.3516228497028351,0.6211000084877014,0.9647545218467712,-3.49276760136176,-0.133835883648945,-0.3099349274618257
0.12,-0.2724873423576355,0.0060254111886024475,0.060279201716184616,-0.2084827572107315,0.737204372882843,0.3468437194824219,0.6160917282104492,0.966936469078064,-3.49276760136176,-0.133835883648945,-0.3099349274618257
0.13,-0.2802600562572479,0.005870819091796875,0.06511031836271286,-0.20324087142944336,0.74066561460495,0.3409956395626068,0.6111656427383423,0.9706458449363708,-3.49276760136176,-0.133835883648945,-0.3099349274618257
0.14,-0.2898055613040924,0.0062708780169487,0.07218240946531296,-0.19787244498729706,0.7450342178344727,0.33567190170288086,0.60653156042099,0.9738388657569885,-3.49276760136176,-0.133835883648945,-0.3099349274618257
0.15,-0.2989581823348999,0.006641678512096405,0.07833949476480484,-0.19340486824512482,0.7497601509094238,0.3292621374130249,0.6018404960632324,0.977941632270813,-3.49276760136176,-0.133835883648945,-0.3099349274618257
0.16,-0.3082633316516876,0.006583109498023987,0.08505424112081528,-0.18842388689517975,0.753777027130127,0.32335835695266724,0.5969910621643066,0.9817206859588623,-3.49276760136176,-0.133835883648945,-0.3099349274618257
0.17,-0.3180776536464691,0.007031135261058807,0.09179340302944183,-0.18391774594783783,0.7586584687232971,0.31790947914123535,0.5921685695648193,0.9860901236534119,-3.49276760136176,-0.133835883648945,-0.3099349274618257
0.18,-0.32755616307258606,0.007294394075870514,0.09849260747432709,-0.17919351160526276,0.7630623579025269,0.31233686208724976,0.5873631238937378,0.9905145168304443,-3.49276760136176,-0.133835883648945,-0.3099349274618257
0.19,-0.33654406666755676,0.007918331772089005,0.104767806828022,-0.17463548481464386,0.7670303583145142,0.3070043921470642,0.582582414150238,0.9947912096977234,-3.49276760136176,-0.133835883648945,-0.3099349274618257
0.2,-0.3459658622741699,0.008020598441362381,0.11138881742954254,-0.16945312917232513,0.7712687253952026,0.30161380767822266,0.5778423547744751,0.9988141059875488,-3.49276760136176,-0.133835883648945,-0.3099349274618257
0.21,-0.3568308651447296,0.008656881749629974,0.11835982650518417,-0.16495592892169952,0.776789128780365,0.2957305312156677,0.5738770961761475,1.0049660205841064,-3.49276760136176,-0.133835883648945,-0.3099349274618257
0.22,-0.36756324768066406,0.008172750473022461,0.12525403499603271,-0.16034969687461853,0.7816702127456665,0.2900006175041199,0.5692947506904602,1.011393666267395,-3.49276760136176,-0.133835883648945,-0.3099349274618257
0.23,-0.37885645031929016,0.008843287825584412,0.13232362270355225,-0.15597708523273468,0.7875795364379883,0.2851616144180298,0.5654942393302917,1.0191444158554077,-3.49276760136176,-0.133835883648945,-0.3099349274618257
0.24,-0.39003339409828186,0.009336277842521667,0.13962966203689575,-0.1512535661458969,0.7931947112083435,0.2795158326625824,0.5614266991615295,1.0269544124603271,-3.49276760136176,-0.133835883648945,-0.3099349274618257
0.25,-0.4020092487335205,0.010322697460651398,0.14797371625900269,-0.14610038697719574,0.7986478209495544,0.27354696393013,0.5572062134742737,1.033302903175354,-3.49276760136176,-0.133835883648945,-0.3099349274618257
0.26,-0.41422733664512634,0.010855965316295624,0.15702931582927704,-0.14073525369167328,0.8034972548484802,0.26693397760391235,0.5518779754638672,1.0369828939437866,-3.49276760136176,-0.133835883648945,-0.3099349274618257
0.27,-0.4271731674671173,0.010981380939483643,0.16725662350654602,-0.13569210469722748,0.8089897036552429,0.2602372467517853,0.5456802248954773,1.0395283699035645,-3.49276760136176,-0.133835883648945,-0.3099349274618257
0.28,-0.44070547819137573,0.011507920920848846,0.17766961455345154,-0.13042238354682922,0.8148388266563416,0.2537996172904968,0.5393003821372986,1.042647123336792,-3.49276760136176,-0.133835883648945,-0.3099349274618257
0.29,-0.45405277609825134,0.011956281960010529,0.18828192353248596,-0.12565483152866364,0.8205823302268982,0.24774706363677979,0.5329061150550842,1.0455803871154785,-3.49276760136176,-0.133835883648945,-0.3099349274618257
0.3,-0.4676263630390167,0.012456730008125305,0.1992972493171692,-0.12117518484592438,0.8261660933494568,0.24216024577617645,0.5263988971710205,1.04819917678833,-3.49276760136176,-0.133835883648945,-0.3099349274618257
0.31,-0.4814926087856293,0.012812327593564987,0.2108978033065796,-0.11700712144374847,0.8317351937294006,0.2369833141565323,0.5197195410728455,1.0499807596206665,-3.49276760136176,-0.133835883648945,-0.3099349274618257
0.32,-0.49607157707214355,0.013013683259487152,0.22293514013290405,-0.11350733041763306,0.8383185863494873,0.2322576493024826,0.5126314759254456,1.0519222021102905,-3.49276760136176,-0.133835883648945,-0.3099349274618257
0.33,-0.5099329948425293,0.012746386229991913,0.23542681336402893,-0.10908231139183044,0.8435549736022949,0.2277807742357254,0.5054692625999451,1.051287055015564,-3.49276760136176,-0.133835883648945,-0.3099349274618257
0.34,-0.5250204801559448,0.011058017611503601,0.24886715412139893,-0.10425607860088348,0.8486239314079285,0.22355468571186066,0.49701160192489624,1.0481928586959839,-3.49276760136176,-0.133835883648945,-0.3099349274618257
0.35000000000000003,-0.5413333177566528,0.010488495230674744,0.26353931427001953,-0.09935930371284485,0.854380190372467,0.21958886086940765,0.48867344856262207,1.0478947162628174,-3.49276760136176,-0.133835883648945,-0.3099349274618257
0.36,-0.5576651096343994,0.00994037464261055,0.2780396044254303,-0.09455640614032745,0.8602494597434998,0.21529096364974976,0.48010843992233276,1.0469152927398682,-3.49276760136176,-0.133835883648945,-0.3099349274618257
0.37,-0.5763386487960815,0.008758563548326492,0.29257920384407043,-0.08912481367588043,0.8652600646018982,0.21041561663150787,0.4705405533313751,1.047095775604248,-3.49276760136176,-0.133835883648945,-0.3099349274618257
0.38,-0.5958014130592346,0.007958449423313141,0.30818885564804077,-0.08289240300655365,0.870826780796051,0.20665119588375092,0.46103790402412415,1.0471892356872559,-3.49276760136176,-0.133835883648945,-0.3099349274618257
0.39,-0.6175047755241394,0.007075093686580658,0.3254530131816864,-0.07886336743831635,0.8762848377227783,0.20315006375312805,0.45136314630508423,1.047762155532837,-3.49276760136176,-0.133835883648945,-0.3099349274618257
0.4,-0.639663815498352,0.006608854979276657,0.3415094316005707,-0.07404671609401703,0.881779670715332,0.2023611217737198,0.44053635001182556,1.0455102920532227,-3.49276760136176,-0.133835883648945,-0.3099349274618257
0.41000000000000003,-0.66324782371521,0.006259039044380188,0.358320951461792,-0.0701541006565094,0.8885219693183899,0.20045176148414612,0.4300329387187958,1.0454254150390625,-3.49276760136176,-0.133835883648945,-0.3099349274618257
0.42,-0.6881915330886841,0.005310781300067902,0.3767983019351959,-0.06820918619632721,0.8954539895057678,0.19914771616458893,0.41798803210258484,1.0418779850006104,-3.49276760136176,-0.133835883648945,-0.3099349274618257
0.43,-0.7145909667015076,0.0044794827699661255,0.39281463623046875,-0.0675269067287445,0.9031176567077637,0.20200251042842865,0.4033338129520416,1.0368205308914185,-3.49276760136176,-0.133835883648945,-0.3099349274618257
0.44,-0.7392836809158325,0.00473109632730484,0.41048237681388855,-0.06616982817649841,0.910020649433136,0.20625533163547516,0.3902750015258789,1.0340933799743652,-3.49276760136176,-0.133835883648945,-0.3099349274618257
0.45,-0.762324333190918,0.0046386197209358215,0.4291524887084961,-0.0666123628616333,0.9151514768600464,0.21233715116977692,0.37699374556541443,1.0332882404327393,-3.49276760136176,-0.133835883648945,-0.3099349274618257
0.46,-0.7825322151184082,0.007139258086681366,0.44482988119125366,-0.06544187664985657,0.9201188683509827,0.2210763841867447,0.3654535412788391,1.0338475704193115,-3.49276760136176,-0.133835883648945,-0.3099349274618257
0.47000000000000003,-0.7973145246505737,0.009311269968748093,0.45673537254333496,-0.06280040740966797,0.9243344068527222,0.227732852101326,0.3581266701221466,1.0369988679885864,-3.49276760136176,-0.133835883648945,-0.3099349274618257
0.48,-0.8096744418144226,0.011316221207380295,0.4667854905128479,-0.06089909002184868,0.9282739162445068,0.23168811202049255,0.35347750782966614,1.0397663116455078,-3.49276760136176,-0.133835883648945,-0.3099349274618257
0.49,-0.8201636075973511,0.012282934039831161,0.47550731897354126,-0.05935373529791832,0.9305077791213989,0.23428696393966675,0.3483400046825409,1.0407428741455078,-3.49276760136176,-0.133835883648945,-0.3099349274618257
0.0,-0.2013658583164215,-0.05396705120801926,-0.05145547538995743,-0.03044586256146431,0.8428360819816589,0.053622808307409286,0.6823802590370178,0.04582794010639191,-2.423410411709122,0.12784368170685365,-0.30234083653722293
0.01,-0.06791532039642334,-0.05889451503753662,-0.028169013559818268,-0.19058334827423096,0.6763953566551208,-0.0908219963312149,0.7428188323974609,0.5181037187576294,-2.423410411709122,0.12784368170685365,-0.30234083653722293
0.02,-0.12869635224342346,-0.06465785205364227,-0.019122667610645294,-0.08395107090473175,0.5391958355903625,0.13916462659835815,0.6160822510719299,0.8707235455513,-2.423410411709122,0.12784368170685365,-0.30234083653722293
0.03,-0.2591499388217926,0.03055497631430626,0.021074965596199036,-0.2047007828950882,0.7078091502189636,0.27030831575393677,0.6587399244308472,0.9646863341331482,-2.423410411709122,0.12784368170685365,-0.30234083653722293
0.04,-0.15720206499099731,-0.017899997532367706,-0.008957449346780777,-0.189609557390213,0.6174519658088684,0.26448923349380493,0.6538193225860596,0.938079297542572,-2.423410411709122,0.12784368170685365,-0.30234083653722293
0.05,-0.2474302053451538,0.02134741097688675,0.0692925751209259,-0.1872701197862625,0.6489353775978088,0.3156052231788635,0.6329628825187683,0.9174494743347168,-2.423410411709122,0.12784368170685365,-0.30234083653722293
0.06,-0.21891796588897705,0.006562583148479462,0.010065507143735886,-0.19645288586616516,0.6676129698753357,0.2733554244041443,0.6213724613189697,0.9390189051628113,-2.423410411709122,0.12784368170685365,-0.30234083653722293
0.07,-0.23553085327148438,0.0055497512221336365,0.05462246388196945,-0.17315764725208282,0.6498114466667175,0.28221505880355835,0.6343851089477539,0.9407400488853455,-2.423410411709122,0.12784368170685365,-0.30234083653722293
0.08,-0.25122010707855225,0.013862017542123795,0.04463762789964676,-0.18874020874500275,0.6767250299453735,0.2812162935733795,0.6160321235656738,0.933744490146637,-2.423410411709122,0.12784368170685365,-0.30234083653722293
0.09,-0.24734771251678467,0.004456602036952972,0.049395594745874405,-0.17513026297092438,0.665529191493988,0.26838892698287964,0.6189445853233337,0.9405501484870911,-2.423410411709122,0.12784368170685365,-0.30234083653722293
0.1,-0.26768234372138977,0.011644281446933746,0.06336712837219238,-0.17591163516044617,0.6782912611961365,0.27432650327682495,0.6115700006484985,0.937550961971283,-2.423410411709122,0.12784368170685365,-0.30234083653722293
0.11,-0.2693270146846771,0.008327968418598175,0.060027722269296646,-0.17342796921730042,0.6820144653320312,0.2637723684310913,0.6062658429145813,0.9416845440864563,-2.423410411709122,0.12784368170685365,-0.30234083653722293
0.12,-0.28085392713546753,0.009136602282524109,0.07181506603956223,-0.1678939014673233,0.6846805810928345,0.26282528042793274,0.6040338277816772,0.9426496624946594,-2.423410411709122,0.12784368170685365,-0.30234083653722293
0.13,-0.2901114225387573,0.010098643600940704,0.07471082359552383,-0.1683444380760193,0.6928051114082336,0.2581043541431427,0.5974945425987244,0.9443809390068054,-2.423410411709122,0.12784368170685365,-0.30234083653722293
0.14,-0.297084242105484,0.008784648030996323,0.08071747422218323,-0.16364820301532745,0.6946260929107666,0.25297805666923523,0.5946197509765625,0.9468534588813782,-2.423410411709122,0.12784368170685365,-0.30234083653722293
0.15,-0.3088509738445282,0.009939674288034439,0.08844119310379028,-0.16182701289653778,0.7014979720115662,0.25,0.5898801684379578,0.948382556438446,-2.423410411709122,0.12784368170685365,-0.30234083653722293
0.16,-0.31659135222435,0.00912434607744217,0.09339109808206558,-0.15963365137577057,0.7058897614479065,0.244937002658844,0.5856754779815674,0.9497716426849365,-2.423410411709122,0.12784368170685365,-0.30234083653722293
0.17,-0.32654237747192383,0.009322669357061386,0.10088227689266205,-0.15648435056209564,0.7104200720787048,0.2417154461145401,0.5817774534225464,0.9510957598686218,-2.423410411709122,0.12784368170685365,-0.30234083653722293
0.18,-0.3358776569366455,0.00944599136710167,0.10693927109241486,-0.15402500331401825,0.7160883545875549,0.23765335977077484,0.5773671865463257,0.9526589512825012,-2.423410411709122,0.12784368170685365,-0.30234083653722293
0.19,-0.3451463282108307,0.009422000497579575,0.11335497349500656,-0.15103748440742493,0.7213447690010071,0.23346306383609772,0.5736681818962097,0.9544959664344788,-2.423410411709122,0.12784368170685365,-0.30234083653722293
0.2,-0.3546525537967682,0.009772151708602905,0.11960499733686447,-0.14828871190547943,0.7270641922950745,0.2293037623167038,0.5697817802429199,0.9561800360679626,-2.423410411709122,0.12784368170685365,-0.30234083653722293
0.21,-0.36344483494758606,0.009933151304721832,0.12530702352523804,-0.14530137181282043,0.7324099540710449,0.224590465426445,0.5660163760185242,0.9575747847557068,-2.423410411709122,0.12784368170685365,-0.30234083653722293
0.22,-0.37250182032585144,0.010242234915494919,0.13132691383361816,-0.14221958816051483,0.7375370860099792,0.2198464423418045,0.562129020690918,0.9588901996612549,-2.423410411709122,0.12784368170685365,-0.30234083653722293
0.23,-0.381484717130661,0.010753165930509567,0.13734334707260132,-0.13937674462795258,0.742512047290802,0.21522226929664612,0.5579074621200562,0.9597889184951782,-2.423410411709122,0.12784368170685365,-0.30234083653722293
0.24,-0.39044082164764404,0.011186487972736359,0.14350610971450806,-0.13665568828582764,0.7472727298736572,0.21071362495422363,0.5536177754402161,0.960123598575592,-2.423410411709122,0.12784368170685365,-0.30234083653722293
0.25,-0.40010109543800354,0.011755391955375671,0.15002118051052094,-0.1342296153306961,0.7521176338195801,0.20646527409553528,0.548865795135498,0.9611285328865051,-2.423410411709122,0.12784368170685365,-0.30234083653722293
0.26,-0.4104507267475128,0.01207071915268898,0.15727287530899048,-0.13187681138515472,0.7573990225791931,0.20243816077709198,0.5437965393066406,0.9620487689971924,-2.423410411709122,0.12784368170685365,-0.30234083653722293
0.27,-0.4215233623981476,0.012720957398414612,0.16612061858177185,-0.12934193015098572,0.7623613476753235,0.19899538159370422,0.5379006266593933,0.9617922902107239,-2.423410411709122,0.12784368170685365,-0.30234083653722293
0.28,-0.4331859052181244,0.012903183698654175,0.1765160858631134,-0.12558118999004364,0.7653580904006958,0.1963542252779007,0.5299217700958252,0.9578106999397278,-2.423410411709122,0.12784368170685365,-0.30234083653722293
0.29,-0.44735580682754517,0.013221308588981628,0.18854930996894836,-0.12202034890651703,0.7701404690742493,0.1934393048286438,0.5205774903297424,0.9547774195671082,-2.423410411709122,0.12784368170685365,-0.30234083653722293
0.3,-0.46077409386634827,0.013176046311855316,0.19955608248710632,-0.11812567710876465,0.7746248841285706,0.1898321807384491,0.5114648938179016,0.9513360857963562,-2.423410411709122,0.12784368170685365,-0.30234083653722293
0.31,-0.4741958975791931,0.01303555816411972,0.2102240025997162,-0.11411325633525848,0.7792688012123108,0.1858699470758438,0.5028307437896729,0.9485087394714355,-2.423410411709122,0.12784368170685365,-0.30234083653722293
0.32,-0.4875531494617462,0.013600338250398636,0.22137409448623657,-0.10926027595996857,0.7840867042541504,0.18081706762313843,0.4950675070285797,0.946694552898407,-2.423410411709122,0.12784368170685365,-0.30234083653722293
0.33,-0.502031147480011,0.01352531835436821,0.233226478099823,-0.10401614010334015,0.7890090346336365,0.17389850318431854,0.48659342527389526,0.9451647400856018,-2.423410411709122,0.12784368170685365,-0.30234083653722293
0.34,-0.5191104412078857,0.013104923069477081,0.24562102556228638,-0.09798292815685272,0.7940588593482971,0.16700702905654907,0.4767492115497589,0.9442949295043945,-2.423410411709122,0.12784368170685365,-0.30234083653722293
0.35000000000000003,-0.537530779838562,0.012581046670675278,0.2586507499217987,-0.09180141985416412,0.7999253869056702,0.16040310263633728,0.467519611120224,0.9443427920341492,-2.423410411709122,0.12784368170685365,-0.30234083653722293
0.36,-0.5552459955215454,0.012105099856853485,0.2708796560764313,-0.08516018092632294,0.8061417937278748,0.15443363785743713,0.45862966775894165,0.9447334408760071,-2.423410411709122,0.12784368170685365,-0.30234083653722293
0.37,-0.5727061629295349,0.011342812329530716,0.2835424840450287,-0.07920050621032715,0.8121327757835388,0.14808189868927002,0.4491289556026459,0.9456455111503601,-2.423410411709122,0.12784368170685365,-0.30234083653722293
0.38,-0.5900100469589233,0.01002468541264534,0.2958897054195404,-0.07418575882911682,0.8177117705345154,0.14231297373771667,0.4389459788799286,0.9462828040122986,-2.423410411709122,0.12784368170685365,-0.30234083653722293
0.39,-0.6074610948562622,0.009306017309427261,0.3076830506324768,-0.06977428495883942,0.8233752846717834,0.13846610486507416,0.4288952648639679,0.9485024213790894,-2.423410411709122,0.12784368170685365,-0.30234083653722293
0.4,-0.6253618001937866,0.008807435631752014,0.3198198676109314,-0.06577329337596893,0.8281673789024353,0.13649800419807434,0.4185878336429596,0.9501124620437622,-2.423410411709122,0.12784368170685365,-0.30234083653722293
0.41000000000000003,-0.645049512386322,0.008480571210384369,0.33328109979629517,-0.061644624918699265,0.8347047567367554,0.1348823606967926,0.40830305218696594,0.9510936737060547,-2.423410411709122,0.12784368170685365,-0.30234083653722293
0.42,-0.6616790294647217,0.0071779824793338776,0.34482765197753906,-0.061014335602521896,0.8410021066665649,0.1330258697271347,0.3981993496417999,0.9509095549583435,-2.423410411709122,0.12784368170685365,-0.30234083653722293
0.43,-0.673700213432312,0.0063674598932266235,0.35421258211135864,-0.061209384351968765,0.8445483446121216,0.13418516516685486,0.3903762698173523,0.9484454989433289,-2.423410411709122,0.12784368170685365,-0.30234083653722293
0.44,-0.6856446266174316,0.0060658641159534454,0.36339086294174194,-0.06007121130824089,0.848422110080719,0.13604597747325897,0.38312631845474243,0.9473552703857422,-2.423410411709122,0.12784368170685365,-0.30234083653722293
0.45,-0.6980133652687073,0.005826499313116074,0.37205827236175537,-0.05989812687039375,0.8530712723731995,0.13732729852199554,0.37626907229423523,0.9471114277839661,-2.423410411709122,0.12784368170685365,-0.30234083653722293
0.46,-0.7090857028961182,0.0053790174424648285,0.3800612986087799,-0.05946996435523033,0.8572075963020325,0.1387811303138733,0.3697446286678314,0.9457048177719116,-2.423410411709122,0.12784368170685365,-0.30234083653722293
0.47000000000000003,-0.7193225622177124,0.004942797124385834,0.3876621723175049,-0.058622296899557114,0.861426055431366,0.1397985816001892,0.36428165435791016,0.9450270533561707,-2.423410411709122,0.12784368170685365,-0.30234083653722293
0.48,-0.7285057306289673,0.004856552928686142,0.39551088213920593,-0.05920131877064705,0.8646000027656555,0.14116844534873962,0.3597886562347412,0.9456608295440674,-2.423410411709122,0.12784368170685365,-0.30234083653722293
0.49,-0.7353143692016602,0.0053826794028282166,0.4025929570198059,-0.05875706300139427,0.8670725226402283,0.1437348872423172,0.35668277740478516,0.946010410785675,-2.423410411709122,0.12784368170685365,-0.30234083653722293
0.0,-0.15954920649528503,-0.01867692917585373,-0.07412227243185043,-0.016160782426595688,0.8822072744369507,0.050477880984544754,0.753085196018219,0.0008480511605739594,-2.993835399837889,0.10117286737437713,-0.31341271174159097
0.01,-0.030410584062337875,-0.08186477422714233,0.10012757778167725,-0.11695699393749237,0.6275725960731506,-0.13507264852523804,0.6584850549697876,0.07926248013973236,-2.993835399837889,0.10117286737437713,-0.31341271174159097
0.02,-0.16177219152450562,-0.10679000616073608,-0.030765555799007416,0.008219074457883835,0.7261118292808533,-0.074081189930439,0.6032906770706177,0.2835178077220917,-2.993835399837889,0.10117286737437713,-0.31341271174159097
0.03,-0.24483802914619446,-0.033692002296447754,-0.06747695058584213,-0.1134011447429657,0.8578599095344543,-0.09004577994346619,0.7590684294700623,1.0656877756118774,-2.993835399837889,0.10117286737437713,-0.31341271174159097
0.04,-0.09550798684358597,0.0017926767468452454,-0.006652839481830597,-0.07191486656665802,0.5350311994552612,0.17482662200927734,0.7465605735778809,1.0339953899383545,-2.993835399837889,0.10117286737437713,-0.31341271174159097
0.05,-0.23631837964057922,0.007477901875972748,0.030978722497820854,-0.19085727632045746,0.6882723569869995,0.26575809717178345,0.6172717213630676,0.8748425245285034,-2.993835399837889,0.10117286737437713,-0.31341271174159097
0.06,-0.19491130113601685,-0.010195259004831314,-0.017254743725061417,-0.1855943351984024,0.6883255839347839,0.2830331325531006,0.6420045495033264,0.9768405556678772,-2.993835399837889,0.10117286737437713,-0.31341271174159097
0.07,-0.23371407389640808,0.024536117911338806,0.048775240778923035,-0.1784651130437851,0.6824129223823547,0.3176988661289215,0.6580753326416016,0.9794052243232727,-2.993835399837889,0.10117286737437713,-0.31341271174159097
0.08,-0.22423231601715088,0.008289501070976257,0.026252474635839462,-0.18269763886928558,0.6897581219673157,0.29797524213790894,0.6254655122756958,0.9468318819999695,-2.993835399837889,0.10117286737437713,-0.31341271174159097
0.09,-0.24118956923484802,0.01029197871685028,0.04172445833683014,-0.17174187302589417,0.6947193741798401,0.29850655794143677,0.631981372833252,0.9659022688865662,-2.993835399837889,0.10117286737437713,-0.31341271174159097
0.1,-0.24936801195144653,0.014567717909812927,0.04461182653903961,-0.17342929542064667,0.7041715979576111,0.29441672563552856,0.6259226202964783,0.9699195027351379,-2.993835399837889,0.10117286737437713,-0.31341271174159097
0.11,-0.25508958101272583,0.011367540806531906,0.05090777575969696,-0.16542774438858032,0.7031227946281433,0.28723323345184326,0.6224414110183716,0.9709476828575134,-2.993835399837889,0.10117286737437713,-0.31341271174159097
0.12,-0.2674424648284912,0.014022205024957657,0.057232242077589035,-0.16430602967739105,0.7127129435539246,0.28478723764419556,0.6167570948600769,0.9743635058403015,-2.993835399837889,0.10117286737437713,-0.31341271174159097
0.13,-0.2739277184009552,0.013486966490745544,0.06163020059466362,-0.15900880098342896,0.715262234210968,0.2779729962348938,0.6133424043655396,0.9798092246055603,-2.993835399837889,0.10117286737437713,-0.31341271174159097
0.14,-0.28479981422424316,0.014426924288272858,0.0694095641374588,-0.15588246285915375,0.721503734588623,0.2736819386482239,0.6088411808013916,0.9827682971954346,-2.993835399837889,0.10117286737437713,-0.31341271174159097
0.15,-0.2935830354690552,0.014822158962488174,0.07459449768066406,-0.15282361209392548,0.7267568111419678,0.26801151037216187,0.6043494343757629,0.9877417683601379,-2.993835399837889,0.10117286737437713,-0.31341271174159097
0.16,-0.3030030131340027,0.015232615172863007,0.08146793395280838,-0.1490408033132553,0.7316147685050964,0.2632388174533844,0.6003574728965759,0.99171382188797,-2.993835399837889,0.10117286737437713,-0.31341271174159097
0.17,-0.3125770390033722,0.01597999781370163,0.08760782331228256,-0.14606855809688568,0.7373126149177551,0.25827348232269287,0.5957784652709961,0.9958969950675964,-2.993835399837889,0.10117286737437713,-0.31341271174159097
0.18,-0.32164648175239563,0.016429860144853592,0.09348145872354507,-0.14246609807014465,0.7423933148384094,0.25280410051345825,0.5916547775268555,1.0005080699920654,-2.993835399837889,0.10117286737437713,-0.31341271174159097
0.19,-0.3309148848056793,0.01686960831284523,0.09975236654281616,-0.1390608698129654,0.7475937604904175,0.2475443333387375,0.5872781276702881,1.0042564868927002,-2.993835399837889,0.10117286737437713,-0.31341271174159097
0.2,-0.3400183320045471,0.017134234309196472,0.10596129298210144,-0.135700061917305,0.7526261210441589,0.24231277406215668,0.5825994610786438,1.0074310302734375,-2.993835399837889,0.10117286737437713,-0.31341271174159097
0.21,-0.34932783246040344,0.01733466237783432,0.11240185052156448,-0.13208870589733124,0.7576854825019836,0.23713989555835724,0.5777347087860107,1.0102455615997314,-2.993835399837889,0.10117286737437713,-0.31341271174159097
0.22,-0.3585468828678131,0.01727195829153061,0.11871801316738129,-0.1286648064851761,0.7628704905509949,0.23199893534183502,0.572809636592865,1.0119251012802124,-2.993835399837889,0.10117286737437713,-0.31341271174159097
0.23,-0.36787936091423035,0.017505183815956116,0.12509195506572723,-0.12508536875247955,0.7687934041023254,0.22667835652828217,0.5681577324867249,1.0144580602645874,-2.993835399837889,0.10117286737437713,-0.31341271174159097
0.24,-0.37727588415145874,0.017687037587165833,0.13176357746124268,-0.12124718725681305,0.7745718359947205,0.22064408659934998,0.5641064047813416,1.0171992778778076,-2.993835399837889,0.10117286737437713,-0.31341271174159097
0.25,-0.38710251450538635,0.017752937972545624,0.13850811123847961,-0.11773690581321716,0.7806116938591003,0.21430647373199463,0.5600501298904419,1.020240306854248,-2.993835399837889,0.10117286737437713,-0.31341271174159097
0.26,-0.3970741331577301,0.017951957881450653,0.1457929015159607,-0.11486668884754181,0.7866775393486023,0.20838351547718048,0.5559518337249756,1.023130178451538,-2.993835399837889,0.10117286737437713,-0.31341271174159097
0.27,-0.4066254496574402,0.018069520592689514,0.15265920758247375,-0.11213575303554535,0.7920544743537903,0.20264199376106262,0.5517324209213257,1.0258013010025024,-2.993835399837889,0.10117286737437713,-0.31341271174159097
0.28,-0.416938453912735,0.017709076404571533,0.15998227894306183,-0.10931624472141266,0.7980238795280457,0.19714446365833282,0.5477393865585327,1.0276854038238525,-2.993835399837889,0.10117286737437713,-0.31341271174159097
0.29,-0.4284537136554718,0.017280306667089462,0.16775894165039062,-0.10760802030563354,0.8046463131904602,0.1918196678161621,0.5437381267547607,1.0303372144699097,-2.993835399837889,0.10117286737437713,-0.31341271174159097
0.3,-0.4402983486652374,0.017578039318323135,0.17820140719413757,-0.10453718900680542,0.8091866970062256,0.1881767064332962,0.5380988121032715,1.0287946462631226,-2.993835399837889,0.10117286737437713,-0.31341271174159097
0.31,-0.45306286215782166,0.016755230724811554,0.18911337852478027,-0.1010315865278244,0.8138485550880432,0.18402470648288727,0.5303406715393066,1.0255357027053833,-2.993835399837889,0.10117286737437713,-0.31341271174159097
0.32,-0.46777650713920593,0.016581308096647263,0.20121359825134277,-0.09815527498722076,0.8198476433753967,0.18041406571865082,0.5222188830375671,1.023709774017334,-2.993835399837889,0.10117286737437713,-0.31341271174159097
0.33,-0.48218420147895813,0.016217708587646484,0.2132304310798645,-0.09504488110542297,0.8252967000007629,0.1769634336233139,0.5139266848564148,1.020763635635376,-2.993835399837889,0.10117286737437713,-0.31341271174159097
0.34,-0.49850016832351685,0.015473403036594391,0.2265702188014984,-0.09214441478252411,0.8314018845558167,0.17448344826698303,0.5052311420440674,1.01856529712677,-2.993835399837889,0.10117286737437713,-0.31341271174159097
0.35000000000000003,-0.5159555673599243,0.015464428812265396,0.2411687672138214,-0.0889967828989029,0.8377199769020081,0.17262287437915802,0.49677520990371704,1.01705002784729,-2.993835399837889,0.10117286737437713,-0.31341271174159097
0.36,-0.5332027077674866,0.015069883316755295,0.2556239068508148,-0.08513171970844269,0.8431458473205566,0.16979028284549713,0.4871036112308502,1.0154950618743896,-2.993835399837889,0.10117286737437713,-0.31341271174159097
0.37,-0.5522385835647583,0.014865081757307053,0.2708119750022888,-0.08007185161113739,0.8493131995201111,0.16610519587993622,0.4760545790195465,1.0146989822387695,-2.993835399837889,0.10117286737437713,-0.31341271174159097
0.38,-0.5726253986358643,0.01418466866016388,0.2864895761013031,-0.07534179091453552,0.8561394810676575,0.16114701330661774,0.4655737578868866,1.0144636631011963,-2.993835399837889,0.10117286737437713,-0.31341271174159097
0.39,-0.5927072763442993,0.012778233736753464,0.3014158010482788,-0.07123865187168121,0.8616281747817993,0.15673087537288666,0.4548007845878601,1.0131334066390991,-2.993835399837889,0.10117286737437713,-0.31341271174159097
0.4,-0.6137264370918274,0.01131480187177658,0.31659135222435,-0.06695373356342316,0.8668259978294373,0.15358726680278778,0.4434005320072174,1.012444257736206,-2.993835399837889,0.10117286737437713,-0.31341271174159097
0.41000000000000003,-0.636589527130127,0.010511767119169235,0.33423522114753723,-0.06294876337051392,0.8725942969322205,0.15242482721805573,0.4310868978500366,1.0119374990463257,-2.993835399837889,0.10117286737437713,-0.31341271174159097
0.42,-0.6617816686630249,0.010073091834783554,0.3529481887817383,-0.05898595228791237,0.8806589841842651,0.15206953883171082,0.41816118359565735,1.0091439485549927,-2.993835399837889,0.10117286737437713,-0.31341271174159097
0.43,-0.6871922016143799,0.007544040679931641,0.3727267384529114,-0.05926589295268059,0.8884062170982361,0.15087318420410156,0.4039299488067627,1.0045021772384644,-2.993835399837889,0.10117286737437713,-0.31341271174159097
0.44,-0.7081252932548523,0.005457863211631775,0.38801097869873047,-0.0585160069167614,0.8913854360580444,0.15627306699752808,0.38954606652259827,0.999068558216095,-2.993835399837889,0.10117286737437713,-0.31341271174159097
0.45,-0.7305692434310913,0.0071338266134262085,0.4037059247493744,-0.05625725910067558,0.8973419070243835,0.16463138163089752,0.3788839876651764,1.002009630203247,-2.993835399837889,0.10117286737437713,-0.31341271174159097
0.46,-0.7465616464614868,0.009167216718196869,0.4164378046989441,-0.05596233531832695,0.9024665951728821,0.17180867493152618,0.3715428411960602,1.0042256116867065,-2.993835399837889,0.10117286737437713,-0.31341271174159097
0.47000000000000003,-0.7580617666244507,0.010449457913637161,0.42589929699897766,-0.05441657826304436,0.9050759673118591,0.17696326971054077,0.3650708496570587,1.0045645236968994,-2.993835399837889,0.10117286737437713,-0.31341271174159097
0.48,-0.7706477642059326,0.011404711753129959,0.4359281659126282,-0.053371187299489975,0.9081941246986389,0.1799808144569397,0.35918810963630676,1.006963849067688,-2.993835399837889,0.10117286737437713,-0.31341271174159097
0.49,-0.782167375087738,0.011347051709890366,0.44524723291397095,-0.05335604026913643,0.9103115200996399,0.18322540819644928,0.35332778096199036,1.007238507270813,-2.993835399837889,0.10117286737437713,-0.31341271174159097
0.0,-0.23736825585365295,-0.023123353719711304,-0.025567688047885895,-0.06028611585497856,0.9057324528694153,0.09992410242557526,0.7775933742523193,0.007470075041055679,-3.3562134778947286,-0.24049489503129703,-0.3183927637510869
0.01,-0.11864596605300903,-0.07719425857067108,0.06937035173177719,-0.21869529783725739,0.6475170850753784,-0.017552845180034637,0.6639895439147949,0.14855428040027618,-3.3562134778947286,-0.24049489503129703,-0.3183927637510869
0.02,-0.1946466565132141,-0.14205938577651978,-0.08360064029693604,-0.1520596593618393,0.7295249104499817,0.1316978931427002,0.6046079397201538,0.4754496216773987,-3.3562134778947286,-0.24049489503129703,-0.3183927637510869
0.03,-0.26384076476097107,0.03194025903940201,-0.014832958579063416,-0.24937336146831512,0.8196912407875061,0.26915740966796875,0.760472297668457,1.1467562913894653,-3.3562134778947286,-0.24049489503129703,-0.3183927637510869
0.04,-0.14931270480155945,-0.033892013132572174,0.024557417258620262,-0.2376442402601242,0.5973412990570068,0.35783305764198303,0.6719966530799866,0.9542669653892517,-3.3562134778947286,-0.24049489503129703,-0.3183927637510869
0.05,-0.2567947506904602,0.00039683282375335693,0.05172121152281761,-0.27075502276420593,0.7197023034095764,0.42339134216308594,0.6240409016609192,0.8810139298439026,-3.3562134778947286,-0.24049489503129703,-0.3183927637510869
0.06,-0.2287675440311432,-0.0004620179533958435,0.014479387551546097,-0.26141420006752014,0.7169201970100403,0.3789476156234741,0.6428093910217285,0.9652336239814758,-3.3562134778947286,-0.24049489503129703,-0.3183927637510869
0.07,-0.24158373475074768,-0.008175693452358246,0.05142618715763092,-0.24531932175159454,0.6944771409034729,0.3887416124343872,0.6401292085647583,0.9406089186668396,-3.3562134778947286,-0.24049489503129703,-0.3183927637510869
0.08,-0.2535552680492401,-0.0007664412260055542,0.04136570543050766,-0.25832703709602356,0.7224902510643005,0.3904409408569336,0.6283903121948242,0.9412760138511658,-3.3562134778947286,-0.24049489503129703,-0.3183927637510869
0.09,-0.25834590196609497,-0.0023508220911026,0.0536407008767128,-0.241877481341362,0.7129186391830444,0.38112717866897583,0.6282483339309692,0.9493707418441772,-3.3562134778947286,-0.24049489503129703,-0.3183927637510869
0.1,-0.2686904966831207,-0.002503402531147003,0.05714743956923485,-0.24238590896129608,0.7227699756622314,0.3773445188999176,0.6204326152801514,0.9472176432609558,-3.3562134778947286,-0.24049489503129703,-0.3183927637510869
0.11,-0.27574479579925537,-0.0008973591029644012,0.06296730041503906,-0.23525585234165192,0.7249066233634949,0.3725361227989197,0.6172552108764648,0.9533747434616089,-3.3562134778947286,-0.24049489503129703,-0.3183927637510869
0.12,-0.2844349145889282,-0.0014516711235046387,0.06924785673618317,-0.23064033687114716,0.7285696864128113,0.3668283224105835,0.6115765571594238,0.9540957808494568,-3.3562134778947286,-0.24049489503129703,-0.3183927637510869
0.13,-0.29323258996009827,-0.0007064789533615112,0.07506639510393143,-0.22566969692707062,0.7335465550422668,0.36262452602386475,0.6070111393928528,0.9580323100090027,-3.3562134778947286,-0.24049489503129703,-0.3183927637510869
0.14,-0.30264750123023987,-0.0002833232283592224,0.08224068582057953,-0.22092656791210175,0.737683117389679,0.357785701751709,0.602637767791748,0.9621477723121643,-3.3562134778947286,-0.24049489503129703,-0.3183927637510869
0.15,-0.31188899278640747,-4.231184720993042e-05,0.08869656920433044,-0.21669654548168182,0.7421116232872009,0.3532941937446594,0.5978851914405823,0.9663394093513489,-3.3562134778947286,-0.24049489503129703,-0.3183927637510869
0.16,-0.3211168944835663,0.0004030466079711914,0.0953720360994339,-0.21205057203769684,0.7462576031684875,0.3490097224712372,0.5935570597648621,0.9708254933357239,-3.3562134778947286,-0.24049489503129703,-0.3183927637510869
0.17,-0.3301640450954437,0.0006595700979232788,0.10153034329414368,-0.20747141540050507,0.7505574822425842,0.3444021940231323,0.5893024802207947,0.975488007068634,-3.3562134778947286,-0.24049489503129703,-0.3183927637510869
0.18,-0.338982492685318,0.0010876655578613281,0.10758566856384277,-0.20279796421527863,0.7549352645874023,0.3397236168384552,0.5855039358139038,0.9808105826377869,-3.3562134778947286,-0.24049489503129703,-0.3183927637510869
0.19,-0.34818434715270996,0.001262769103050232,0.11402071267366409,-0.1981380432844162,0.7591651082038879,0.33485352993011475,0.5815117955207825,0.9859371185302734,-3.3562134778947286,-0.24049489503129703,-0.3183927637510869
0.2,-0.359347403049469,0.0011445209383964539,0.1215960830450058,-0.19344040751457214,0.7642741203308105,0.3299562335014343,0.5771471261978149,0.9919030070304871,-3.3562134778947286,-0.24049489503129703,-0.3183927637510869
0.21,-0.3715128004550934,0.0016282126307487488,0.12950843572616577,-0.18894587457180023,0.7706924080848694,0.3251335024833679,0.5729418992996216,1.0001225471496582,-3.3562134778947286,-0.24049489503129703,-0.3183927637510869
0.22,-0.3832255005836487,0.002347465604543686,0.1379014551639557,-0.18383397161960602,0.7760507464408875,0.3201278746128082,0.568378746509552,1.007435917854309,-3.3562134778947286,-0.24049489503129703,-0.3183927637510869
0.23,-0.3957466185092926,0.002958260476589203,0.14758551120758057,-0.17800414562225342,0.781085193157196,0.31502991914749146,0.5625346899032593,1.012024998664856,-3.3562134778947286,-0.24049489503129703,-0.3183927637510869
0.24,-0.4093644320964813,0.0035624317824840546,0.15735946595668793,-0.172725647687912,0.7868725061416626,0.3093322217464447,0.5561926364898682,1.0160025358200073,-3.3562134778947286,-0.24049489503129703,-0.3183927637510869
0.25,-0.4224622845649719,0.004281938076019287,0.1668553650379181,-0.16691111028194427,0.7934010624885559,0.3030737042427063,0.5503659248352051,1.020934820175171,-3.3562134778947286,-0.24049489503129703,-0.3183927637510869
0.26,-0.43517443537712097,0.004897326231002808,0.17592200636863708,-0.1615571230649948,0.7998916506767273,0.296050101518631,0.5451319217681885,1.026398777961731,-3.3562134778947286,-0.24049489503129703,-0.3183927637510869
0.27,-0.4477561414241791,0.005458202213048935,0.18577858805656433,-0.15655837953090668,0.8057416081428528,0.28959909081459045,0.5398216247558594,1.0308605432510376,-3.3562134778947286,-0.24049489503129703,-0.3183927637510869
0.28,-0.4605479836463928,0.005733378231525421,0.19640693068504333,-0.15105929970741272,0.8111051917076111,0.2842392921447754,0.5337119698524475,1.0332125425338745,-3.3562134778947286,-0.24049489503129703,-0.3183927637510869
0.29,-0.47484707832336426,0.006334230303764343,0.20782682299613953,-0.14584705233573914,0.817518413066864,0.27869343757629395,0.5274227261543274,1.0362221002578735,-3.3562134778947286,-0.24049489503129703,-0.3183927637510869
0.3,-0.4886464476585388,0.0067311786115169525,0.21912097930908203,-0.14060892164707184,0.8232783079147339,0.27285367250442505,0.5210055708885193,1.038514494895935,-3.3562134778947286,-0.24049489503129703,-0.3183927637510869
0.31,-0.5017049312591553,0.006419368088245392,0.23003548383712769,-0.13517771661281586,0.828095555305481,0.2667766213417053,0.5145947933197021,1.0385417938232422,-3.3562134778947286,-0.24049489503129703,-0.3183927637510869
0.32,-0.5160912275314331,0.006151542067527771,0.24225208163261414,-0.13088232278823853,0.8343134522438049,0.2611537575721741,0.5080938935279846,1.0388587713241577,-3.3562134778947286,-0.24049489503129703,-0.3183927637510869
0.33,-0.5300524830818176,0.0057867057621479034,0.2546493709087372,-0.12637388706207275,0.839725911617279,0.2563139796257019,0.5008368492126465,1.0377849340438843,-3.3562134778947286,-0.24049489503129703,-0.3183927637510869
0.34,-0.5454545617103577,0.004083640873432159,0.2679577171802521,-0.12169362604618073,0.8447389602661133,0.2523045539855957,0.49352434277534485,1.0355491638183594,-3.3562134778947286,-0.24049489503129703,-0.3183927637510869
0.35000000000000003,-0.5629083514213562,0.003784961998462677,0.28292882442474365,-0.11729948222637177,0.8510384559631348,0.2496582716703415,0.48609593510627747,1.0352232456207275,-3.3562134778947286,-0.24049489503129703,-0.3183927637510869
0.36,-0.5797029137611389,0.0030544549226760864,0.29709410667419434,-0.1120017021894455,0.8549150228500366,0.2455386370420456,0.4768636226654053,1.0357776880264282,-3.3562134778947286,-0.24049489503129703,-0.3183927637510869
0.37,-0.5980429649353027,0.0018971189856529236,0.31243255734443665,-0.1059248298406601,0.8603193163871765,0.24121464788913727,0.4679546356201172,1.0370882749557495,-3.3562134778947286,-0.24049489503129703,-0.3183927637510869
0.38,-0.617375910282135,0.0017087757587432861,0.32737937569618225,-0.10002049803733826,0.8663840889930725,0.23657213151454926,0.45973333716392517,1.0390084981918335,-3.3562134778947286,-0.24049489503129703,-0.3183927637510869
0.39,-0.6364257335662842,0.0012792125344276428,0.34058767557144165,-0.0944853127002716,0.8727189898490906,0.23086239397525787,0.45167675614356995,1.0401794910430908,-3.3562134778947286,-0.24049489503129703,-0.3183927637510869
0.4,-0.6557124257087708,0.0013909786939620972,0.35285764932632446,-0.0889432281255722,0.8795701861381531,0.22555482387542725,0.44432660937309265,1.0416127443313599,-3.3562134778947286,-0.24049489503129703,-0.3183927637510869
0.41000000000000003,-0.6780238151550293,0.0013538673520088196,0.3688448369503021,-0.08649145066738129,0.8854983448982239,0.22210663557052612,0.4351217448711395,1.0415338277816772,-3.3562134778947286,-0.24049489503129703,-0.3183927637510869
0.42,-0.7013298273086548,-0.00015600398182868958,0.38325056433677673,-0.08477331697940826,0.8905577659606934,0.22220677137374878,0.4211988151073456,1.0377150774002075,-3.3562134778947286,-0.24049489503129703,-0.3183927637510869
0.43,-0.7273752689361572,0.0009429566562175751,0.39985859394073486,-0.08241401612758636,0.8985732197761536,0.22533369064331055,0.4087826609611511,1.038226842880249,-3.3562134778947286,-0.24049489503129703,-0.3183927637510869
0.44,-0.7466615438461304,0.0019345246255397797,0.411912202835083,-0.08150416612625122,0.904813826084137,0.2288609743118286,0.39835336804389954,1.0388317108154297,-3.3562134778947286,-0.24049489503129703,-0.3183927637510869
0.45,-0.7617306709289551,0.0024137161672115326,0.4243208169937134,-0.08116152882575989,0.9089877009391785,0.23251087963581085,0.3906342685222626,1.0400296449661255,-3.3562134778947286,-0.24049489503129703,-0.3183927637510869
0.46,-0.7755472660064697,0.0035241134464740753,0.4353676438331604,-0.07984165847301483,0.9128681421279907,0.23669593036174774,0.3834740221500397,1.0416423082351685,-3.3562134778947286,-0.24049489503129703,-0.3183927637510869
0.47000000000000003,-0.7889035940170288,0.005427569150924683,0.4459407329559326,-0.07733206450939178,0.9170712828636169,0.24018988013267517,0.37791967391967773,1.043939471244812,-3.3562134778947286,-0.24049489503129703,-0.3183927637510869
0.48,-0.8008344173431396,0.0064366646111011505,0.45527732372283936,-0.07570794224739075,0.9199556708335876,0.24194273352622986,0.37223321199417114,1.045388102531433,-3.3562134778947286,-0.24049489503129703,-0.3183927637510869
0.49,-0.8124948143959045,0.006785385310649872,0.46442145109176636,-0.07397973537445068,0.9224526286125183,0.24388651549816132,0.3662838041782379,1.0458978414535522,-3.3562134778947286,-0.24049489503129703,-0.3183927637510869
0.0,-0.3566367030143738,-0.08034934103488922,0.03890442103147507,-0.13015033304691315,0.8982190489768982,0.14187975227832794,0.7223412990570068,0.06696024537086487,-3.05936787879445,-0.5389135352056009,-0.31699851703303394
0.01,-0.3165720999240875,-0.10650880634784698,0.008532825857400894,-0.33797895908355713,0.759391725063324,0.15182286500930786,0.7016294598579407,0.7384819388389587,-3.05936787879445,-0.5389135352056009,-0.31699851703303394
0.02,-0.18178951740264893,-0.03219018131494522,-0.009075041860342026,-0.24698679149150848,0.6306062340736389,0.44740432500839233,0.6716057658195496,0.9701136946678162,-3.05936787879445,-0.5389135352056009,-0.31699851703303394
0.03,-0.28799980878829956,-0.01965828239917755,0.09996382892131805,-0.3241520822048187,0.6837244629859924,0.45434314012527466,0.6434366106987,0.8943870663642883,-3.05936787879445,-0.5389135352056009,-0.31699851703303394
0.04,-0.24732989072799683,-0.03373341262340546,0.03178557753562927,-0.30983737111091614,0.6784352660179138,0.44832903146743774,0.6200528740882874,0.9026570916175842,-3.05936787879445,-0.5389135352056009,-0.31699851703303394
0.05,-0.28541046380996704,-0.018892589956521988,0.08791223168373108,-0.29577431082725525,0.6818280220031738,0.453421950340271,0.6332786083221436,0.9131161570549011,-3.05936787879445,-0.5389135352056009,-0.31699851703303394
0.06,-0.27699148654937744,-0.029886789619922638,0.0603489987552166,-0.3018404543399811,0.6920856833457947,0.43623360991477966,0.6167353987693787,0.912275493144989,-3.05936787879445,-0.5389135352056009,-0.31699851703303394
0.07,-0.2946451008319855,-0.02167166769504547,0.08721037209033966,-0.2874087393283844,0.6890470385551453,0.44191959500312805,0.622334897518158,0.9215229153633118,-3.05936787879445,-0.5389135352056009,-0.31699851703303394
0.08,-0.2984960675239563,-0.026625167578458786,0.08001917600631714,-0.2891555726528168,0.6995497345924377,0.43133658170700073,0.6119347214698792,0.9217900633811951,-3.05936787879445,-0.5389135352056009,-0.31699851703303394
0.09,-0.3099801242351532,-0.022590048611164093,0.09373275935649872,-0.2798844873905182,0.7003430724143982,0.43151918053627014,0.6131165027618408,0.9308014512062073,-3.05936787879445,-0.5389135352056009,-0.31699851703303394
0.1,-0.31654486060142517,-0.02434702217578888,0.09484580159187317,-0.2782600224018097,0.7068155407905579,0.4242894947528839,0.6068390607833862,0.9334179162979126,-3.05936787879445,-0.5389135352056009,-0.31699851703303394
0.11,-0.3260842263698578,-0.022716961801052094,0.10362623631954193,-0.27170148491859436,0.7095856070518494,0.4219434857368469,0.6050974726676941,0.9397504925727844,-3.05936787879445,-0.5389135352056009,-0.31699851703303394
0.12,-0.3354780972003937,-0.023113079369068146,0.10920273512601852,-0.2678970396518707,0.714850902557373,0.41669198870658875,0.6001207232475281,0.9440129399299622,-3.05936787879445,-0.5389135352056009,-0.31699851703303394
0.13,-0.3463307321071625,-0.02221539616584778,0.11832156032323837,-0.2617318332195282,0.718448281288147,0.4136415719985962,0.5957171320915222,0.9480855464935303,-3.05936787879445,-0.5389135352056009,-0.31699851703303394
0.14,-0.3575798571109772,-0.022137172520160675,0.12625111639499664,-0.2563653588294983,0.7237514853477478,0.40907150506973267,0.590152382850647,0.9519830346107483,-3.05936787879445,-0.5389135352056009,-0.31699851703303394
0.15,-0.3698863387107849,-0.021347463130950928,0.13542401790618896,-0.2504185736179352,0.729052722454071,0.40493637323379517,0.5851453542709351,0.958057701587677,-3.05936787879445,-0.5389135352056009,-0.31699851703303394
0.16,-0.3819630444049835,-0.020740091800689697,0.14414754509925842,-0.24465899169445038,0.7346712350845337,0.400409996509552,0.5797708034515381,0.9641870260238647,-3.05936787879445,-0.5389135352056009,-0.31699851703303394
0.17,-0.3940594494342804,-0.019908279180526733,0.15318655967712402,-0.23892612755298615,0.7400320172309875,0.3959617018699646,0.5748809576034546,0.9698293805122375,-3.05936787879445,-0.5389135352056009,-0.31699851703303394
0.18,-0.4059484302997589,-0.019350066781044006,0.16201302409172058,-0.23335517942905426,0.7452343106269836,0.3913162350654602,0.5696680545806885,0.9747709631919861,-3.05936787879445,-0.5389135352056009,-0.31699851703303394
0.19,-0.41804125905036926,-0.018665015697479248,0.1710534691810608,-0.22731368243694305,0.7507148385047913,0.386985182762146,0.5646246671676636,0.9796623587608337,-3.05936787879445,-0.5389135352056009,-0.31699851703303394
0.2,-0.43015795946121216,-0.01798931509256363,0.17992857098579407,-0.22145812213420868,0.7564252018928528,0.38224297761917114,0.5596209168434143,0.9848884344100952,-3.05936787879445,-0.5389135352056009,-0.31699851703303394
0.21,-0.4418579041957855,-0.017275169491767883,0.18852755427360535,-0.215972900390625,0.7617836594581604,0.3776382803916931,0.5546553134918213,0.989942193031311,-3.05936787879445,-0.5389135352056009,-0.31699851703303394
0.22,-0.45266249775886536,-0.016923360526561737,0.19714581966400146,-0.21048672497272491,0.7659889459609985,0.37322479486465454,0.5498297214508057,0.9939904808998108,-3.05936787879445,-0.5389135352056009,-0.31699851703303394
0.23,-0.46406206488609314,-0.016422398388385773,0.2057739496231079,-0.20494811236858368,0.7706327438354492,0.36922311782836914,0.5449897646903992,0.9976723790168762,-3.05936787879445,-0.5389135352056009,-0.31699851703303394
0.24,-0.4755311906337738,-0.016043514013290405,0.2144681215286255,-0.19954688847064972,0.7751405239105225,0.36520785093307495,0.5399800539016724,1.0002415180206299,-3.05936787879445,-0.5389135352056009,-0.31699851703303394
0.25,-0.4871083199977875,-0.015740230679512024,0.22316083312034607,-0.19425158202648163,0.7798498272895813,0.36135295033454895,0.5347369313240051,1.002432942390442,-3.05936787879445,-0.5389135352056009,-0.31699851703303394
0.26,-0.49885764718055725,-0.015205807983875275,0.2317427694797516,-0.18941418826580048,0.7852593064308167,0.35768401622772217,0.5297045707702637,1.0046865940093994,-3.05936787879445,-0.5389135352056009,-0.31699851703303394
0.27,-0.5106461048126221,-0.014788851141929626,0.24036052823066711,-0.18489877879619598,0.7900760769844055,0.3539351224899292,0.5246409177780151,1.00654137134552,-3.05936787879445,-0.5389135352056009,-0.31699851703303394
0.28,-0.5227203369140625,-0.014515414834022522,0.24949273467063904,-0.18088853359222412,0.7953329682350159,0.3505959212779999,0.5195427536964417,1.0079988241195679,-3.05936787879445,-0.5389135352056009,-0.31699851703303394
0.29,-0.5350915193557739,-0.01416207104921341,0.2589096426963806,-0.17620916664600372,0.8001920580863953,0.34722787141799927,0.5141165256500244,1.0083611011505127,-3.05936787879445,-0.5389135352056009,-0.31699851703303394
0.3,-0.5471674203872681,-0.014036372303962708,0.26787638664245605,-0.17116379737854004,0.8064666986465454,0.3429897427558899,0.5093474984169006,1.0091201066970825,-3.05936787879445,-0.5389135352056009,-0.31699851703303394
0.31,-0.5595354437828064,-0.013928316533565521,0.2771994173526764,-0.16664716601371765,0.8131276965141296,0.3379651606082916,0.5049765110015869,1.0109492540359497,-3.05936787879445,-0.5389135352056009,-0.31699851703303394
0.32,-0.5714737772941589,-0.013977784663438797,0.28653180599212646,-0.1619604378938675,0.8191332817077637,0.33304327726364136,0.5003853440284729,1.0119843482971191,-3.05936787879445,-0.5389135352056009,-0.31699851703303394
0.33,-0.583109974861145,-0.013975188136100769,0.2952388823032379,-0.15758326649665833,0.8255575299263,0.3279552757740021,0.4962616264820099,1.0133981704711914,-3.05936787879445,-0.5389135352056009,-0.31699851703303394
0.34,-0.5932502746582031,-0.014764577150344849,0.3030471205711365,-0.15332703292369843,0.8301029801368713,0.32320868968963623,0.4926871359348297,1.0128898620605469,-3.05936787879445,-0.5389135352056009,-0.31699851703303394
0.35000000000000003,-0.6052438020706177,-0.014968875795602798,0.3118441104888916,-0.14874106645584106,0.8353672623634338,0.3190697431564331,0.4881703853607178,1.0130369663238525,-3.05936787879445,-0.5389135352056009,-0.31699851703303394
0.36,-0.6170255541801453,-0.014575935900211334,0.3195803761482239,-0.14402811229228973,0.8399957418441772,0.3146213889122009,0.4821726381778717,1.013961672782898,-3.05936787879445,-0.5389135352056009,-0.31699851703303394
0.37,-0.6309880018234253,-0.01422293484210968,0.3299446403980255,-0.13856951892375946,0.8451392650604248,0.30906906723976135,0.4759761393070221,1.0155980587005615,-3.05936787879445,-0.5389135352056009,-0.31699851703303394
0.38,-0.6456747055053711,-0.013559866696596146,0.3402148187160492,-0.13311943411827087,0.8498076796531677,0.30335718393325806,0.4691065847873688,1.0165187120437622,-3.05936787879445,-0.5389135352056009,-0.31699851703303394
0.39,-0.6614358425140381,-0.013397011905908585,0.3500228524208069,-0.12754769623279572,0.8547866344451904,0.29789844155311584,0.4604951739311218,1.0166038274765015,-3.05936787879445,-0.5389135352056009,-0.31699851703303394
0.4,-0.6795409321784973,-0.012788701802492142,0.3615151643753052,-0.12173838913440704,0.8610315918922424,0.2928403913974762,0.45217373967170715,1.0178864002227783,-3.05936787879445,-0.5389135352056009,-0.31699851703303394
0.41000000000000003,-0.697600245475769,-0.012347351759672165,0.3726485073566437,-0.11768022179603577,0.8679713606834412,0.28745943307876587,0.4433850049972534,1.0182175636291504,-3.05936787879445,-0.5389135352056009,-0.31699851703303394
0.42,-0.713489294052124,-0.012022484093904495,0.38195425271987915,-0.1145283579826355,0.873315155506134,0.2829864025115967,0.4345840513706207,1.018060326576233,-3.05936787879445,-0.5389135352056009,-0.31699851703303394
0.43,-0.7294451594352722,-0.012395806610584259,0.39131519198417664,-0.11042298376560211,0.8789321184158325,0.279386043548584,0.4261658489704132,1.0180509090423584,-3.05936787879445,-0.5389135352056009,-0.31699851703303394
0.44,-0.7466887831687927,-0.012263249605894089,0.4018849730491638,-0.10722450911998749,0.885026752948761,0.2768780291080475,0.4180099666118622,1.0195775032043457,-3.05936787879445,-0.5389135352056009,-0.31699851703303394
0.45,-0.7621773481369019,-0.01303011178970337,0.4129146933555603,-0.10637733340263367,0.8896422982215881,0.27721479535102844,0.40951478481292725,1.0201218128204346,-3.05936787879445,-0.5389135352056009,-0.31699851703303394
0.46,-0.7777272462844849,-0.012458696961402893,0.4248937964439392,-0.10545963048934937,0.8939346671104431,0.28129494190216064,0.40223878622055054,1.0212702751159668,-3.05936787879445,-0.5389135352056009,-0.31699851703303394
0.47000000000000003,-0.791986882686615,-0.010637849569320679,0.43617746233940125,-0.10386615991592407,0.8986215591430664,0.28532674908638,0.39623188972473145,1.023168921470642,-3.05936787879445,-0.5389135352056009,-0.31699851703303394
0.48,-0.8042876720428467,-0.009134072810411453,0.445890873670578,-0.10205206274986267,0.902797281742096,0.2872251272201538,0.391023725271225,1.0240346193313599,-3.05936787879445,-0.5389135352056009,-0.31699851703303394
0.49,-0.816433310508728,-0.008278846740722656,0.4553911089897156,-0.10019607841968536,0.9062570929527283,0.2880467176437378,0.3855229914188385,1.024605631828308,-3.05936787879445,-0.5389135352056009,-0.31699851703303394
0.0,-0.17506864666938782,-0.02252601832151413,-0.061370767652988434,-0.022679608315229416,0.8634545207023621,0.05925622209906578,0.7324619889259338,0.004252519458532333,-2.928535572255406,0.059112945439340134,-0.2889206082175176
0.01,-0.048825703561306,-0.07667092978954315,0.08162307739257812,-0.13802875578403473,0.6221546530723572,-0.11118793487548828,0.6539567708969116,0.10465514659881592,-2.928535572255406,0.059112945439340134,-0.2889206082175176
0.02,-0.15793097019195557,-0.109037846326828,-0.044287391006946564,-0.027461804449558258,0.708990752696991,-0.02529880218207836,0.5958678722381592,0.35863426327705383,-2.928535572255406,0.059112945439340134,-0.2889206082175176
0.03,-0.24099791049957275,-0.015685059130191803,-0.055025167763233185,-0.14866942167282104,0.820060670375824,-0.0007690510246902704,0.7401560544967651,1.121099591255188,-2.928535572255406,0.059112945439340134,-0.2889206082175176
0.04,-0.11436878889799118,-0.0023525282740592957,0.013793706893920898,-0.10577037930488586,0.5314484238624573,0.23058347404003143,0.7134021520614624,0.9807743430137634,-2.928535572255406,0.059112945439340134,-0.2889206082175176
0.05,-0.2502234876155853,0.010788694024085999,0.04092681407928467,-0.20848914980888367,0.6904141902923584,0.300986647605896,0.5938159823417664,0.8612986207008362,-2.928535572255406,0.059112945439340134,-0.2889206082175176
0.06,-0.20285016298294067,-0.0016489997506141663,-0.00676635280251503,-0.18689949810504913,0.6782143712043762,0.29314228892326355,0.6284205913543701,0.9659447073936462,-2.928535572255406,0.059112945439340134,-0.2889206082175176
0.07,-0.23812437057495117,0.016712293028831482,0.05661194771528244,-0.18040147423744202,0.6698997616767883,0.3155044615268707,0.636572003364563,0.9540055990219116,-2.928535572255406,0.059112945439340134,-0.2889206082175176
0.08,-0.23514491319656372,0.00915810838341713,0.03437897935509682,-0.18992798030376434,0.6849750876426697,0.3066176474094391,0.6089506149291992,0.93448805809021,-2.928535572255406,0.059112945439340134,-0.2889206082175176
0.09,-0.24776974320411682,0.0104837566614151,0.0502365417778492,-0.17497916519641876,0.6843189001083374,0.30270928144454956,0.6158570051193237,0.9503220915794373,-2.928535572255406,0.059112945439340134,-0.2889206082175176
0.1,-0.2574613392353058,0.012956332415342331,0.05309887230396271,-0.177582785487175,0.6946390271186829,0.2973859906196594,0.607498288154602,0.9521613717079163,-2.928535572255406,0.059112945439340134,-0.2889206082175176
0.11,-0.2636508345603943,0.011346250772476196,0.05869107320904732,-0.1696346253156662,0.6946468949317932,0.2907336950302124,0.6046712398529053,0.9562899470329285,-2.928535572255406,0.059112945439340134,-0.2889206082175176
0.12,-0.2755221724510193,0.013136230409145355,0.06589972972869873,-0.16766542196273804,0.7029544711112976,0.28734949231147766,0.5991971492767334,0.9595543146133423,-2.928535572255406,0.059112945439340134,-0.2889206082175176
0.13,-0.2836013436317444,0.013624683022499084,0.07059891521930695,-0.16360493004322052,0.7074564695358276,0.28092026710510254,0.5954504013061523,0.965502917766571,-2.928535572255406,0.059112945439340134,-0.2889206082175176
0.14,-0.2933322787284851,0.01407717540860176,0.07759176194667816,-0.15992991626262665,0.7125879526138306,0.27595171332359314,0.5913066864013672,0.968959391117096,-2.928535572255406,0.059112945439340134,-0.2889206082175176
0.15,-0.30285894870758057,0.014964684844017029,0.08330642431974411,-0.15698210895061493,0.7183725237846375,0.27081406116485596,0.5867043733596802,0.9734558463096619,-2.928535572255406,0.059112945439340134,-0.2889206082175176
0.16,-0.3119027316570282,0.015384640544652939,0.08925904333591461,-0.15323369204998016,0.7232432961463928,0.2653690278530121,0.5826579928398132,0.9779781699180603,-2.928535572255406,0.059112945439340134,-0.2889206082175176
0.17,-0.3213721811771393,0.016007836908102036,0.09527218341827393,-0.15007497370243073,0.7286707162857056,0.26020321249961853,0.5783534049987793,0.9824302196502686,-2.928535572255406,0.059112945439340134,-0.2889206082175176
0.18,-0.33051517605781555,0.01652906835079193,0.10120542347431183,-0.14666496217250824,0.7337275147438049,0.25500786304473877,0.5741010308265686,0.9867827892303467,-2.928535572255406,0.059112945439340134,-0.2889206082175176
0.19,-0.3395178020000458,0.01678507775068283,0.10726266354322433,-0.14317043125629425,0.7388043999671936,0.24996604025363922,0.569696307182312,0.9904701709747314,-2.928535572255406,0.059112945439340134,-0.2889206082175176
0.2,-0.3487296998500824,0.01705363765358925,0.1132311299443245,-0.13995309174060822,0.7440490126609802,0.24506275355815887,0.5651655793190002,0.9933526515960693,-2.928535572255406,0.059112945439340134,-0.2889206082175176
0.21,-0.35787951946258545,0.017073381692171097,0.11937366425991058,-0.1362958401441574,0.7489486336708069,0.2400423288345337,0.5602765083312988,0.995380163192749,-2.928535572255406,0.059112945439340134,-0.2889206082175176
0.22,-0.36733630299568176,0.01719309389591217,0.12549835443496704,-0.13288043439388275,0.7544012665748596,0.23487575352191925,0.5554037094116211,0.9977805018424988,-2.928535572255406,0.059112945439340134,-0.2889206082175176
0.23,-0.37716785073280334,0.017382193356752396,0.13248683512210846,-0.12944965064525604,0.7596328854560852,0.22949467599391937,0.5512167811393738,1.0001276731491089,-2.928535572255406,0.059112945439340134,-0.2889206082175176
0.24,-0.38700035214424133,0.017569757997989655,0.139259934425354,-0.12609411776065826,0.765661895275116,0.2238631695508957,0.5469018220901489,1.0027563571929932,-2.928535572255406,0.059112945439340134,-0.2889206082175176
0.25,-0.39623579382896423,0.017565764486789703,0.1457488089799881,-0.12303876876831055,0.7715804576873779,0.21759389340877533,0.543229341506958,1.006251573562622,-2.928535572255406,0.059112945439340134,-0.2889206082175176
0.26,-0.4058542847633362,0.017145738005638123,0.15303030610084534,-0.120328888297081,0.7769032120704651,0.21217601001262665,0.5389333963394165,1.0086687803268433,-2.928535572255406,0.059112945439340134,-0.2889206082175176
0.27,-0.4163513481616974,0.01704941689968109,0.16138726472854614,-0.11726179718971252,0.7823587656021118,0.20775248110294342,0.5337576270103455,1.009310007095337,-2.928535572255406,0.059112945439340134,-0.2889206082175176
0.28,-0.4279439449310303,0.017356783151626587,0.17105379700660706,-0.11327041685581207,0.7872809767723083,0.2029455304145813,0.5272691249847412,1.0081790685653687,-2.928535572255406,0.059112945439340134,-0.2889206082175176
0.29,-0.4406190812587738,0.017425931990146637,0.18148565292358398,-0.10888238251209259,0.7932656407356262,0.1973789781332016,0.5204334259033203,1.0072327852249146,-2.928535572255406,0.059112945439340134,-0.2889206082175176
0.3,-0.45375344157218933,0.017408616840839386,0.19225162267684937,-0.10503798723220825,0.7994040846824646,0.19147314131259918,0.5137645602226257,1.006654977798462,-2.928535572255406,0.059112945439340134,-0.2889206082175176
0.31,-0.46730390191078186,0.016277804970741272,0.20343434810638428,-0.10211436450481415,0.8045002222061157,0.18683065474033356,0.5059782266616821,1.0036839246749878,-2.928535572255406,0.059112945439340134,-0.2889206082175176
0.32,-0.4831356108188629,0.01590612530708313,0.21669477224349976,-0.0994177758693695,0.810297429561615,0.18471837043762207,0.4975864887237549,1.0014961957931519,-2.928535572255406,0.059112945439340134,-0.2889206082175176
0.33,-0.49831175804138184,0.015369728207588196,0.22988876700401306,-0.09553083777427673,0.815429151058197,0.18285779654979706,0.4893316626548767,0.9985213875770569,-2.928535572255406,0.059112945439340134,-0.2889206082175176
0.34,-0.5155120491981506,0.01516348123550415,0.2442423403263092,-0.0916612297296524,0.822025716304779,0.17988578975200653,0.48122188448905945,0.9975117444992065,-2.928535572255406,0.059112945439340134,-0.2889206082175176
0.35000000000000003,-0.5321603417396545,0.01461770385503769,0.2582114040851593,-0.0878250002861023,0.8276665806770325,0.1765516847372055,0.4719952940940857,0.9958446621894836,-2.928535572255406,0.059112945439340134,-0.2889206082175176
0.36,-0.5508233308792114,0.01444622129201889,0.2731373608112335,-0.0824664980173111,0.8335183262825012,0.17260678112506866,0.4610275626182556,0.9950307607650757,-2.928535572255406,0.059112945439340134,-0.2889206082175176
0.37,-0.5717260241508484,0.013525843620300293,0.2889995872974396,-0.07771183550357819,0.8406135439872742,0.16729475557804108,0.45092862844467163,0.9949702024459839,-2.928535572255406,0.059112945439340134,-0.2889206082175176
0.38,-0.591921329498291,0.012396298348903656,0.30437156558036804,-0.07386276125907898,0.8456444144248962,0.16320455074310303,0.439555823802948,0.9930809140205383,-2.928535572255406,0.059112945439340134,-0.2889206082175176
0.39,-0.6131788492202759,0.011311706155538559,0.3205655813217163,-0.06855830550193787,0.8512956500053406,0.15950706601142883,0.42748594284057617,0.9927321076393127,-2.928535572255406,0.059112945439340134,-0.2889206082175176
0.4,-0.6353820562362671,0.010767649859189987,0.33714771270751953,-0.06456989049911499,0.8575621843338013,0.15697579085826874,0.41597962379455566,0.9927397966384888,-2.928535572255406,0.059112945439340134,-0.2889206082175176
0.41000000000000003,-0.6609607934951782,0.009888578206300735,0.35669079422950745,-0.06099303439259529,0.8655386567115784,0.15549051761627197,0.4031012952327728,0.9892104864120483,-2.928535572255406,0.059112945439340134,-0.2889206082175176
0.42,-0.6854678392410278,0.007031351327896118,0.3752323389053345,-0.06132813170552254,0.8732183575630188,0.15567731857299805,0.38911232352256775,0.9837434887886047,-2.928535572255406,0.059112945439340134,-0.2889206082175176
0.43,-0.7070091962814331,0.0062074363231658936,0.3890753388404846,-0.06075195595622063,0.8760985732078552,0.1614873856306076,0.3753952383995056,0.9808807373046875,-2.928535572255406,0.059112945439340134,-0.2889206082175176
0.44,-0.7276445031166077,0.007756061851978302,0.40452003479003906,-0.05859554186463356,0.8824474215507507,0.1697753369808197,0.36569657921791077,0.983371913433075,-2.928535572255406,0.059112945439340134,-0.2889206082175176
0.45,-0.742727518081665,0.009814310818910599,0.4163782000541687,-0.05794577673077583,0.887152910232544,0.17538362741470337,0.3583812415599823,0.985658586025238,-2.928535572255406,0.059112945439340134,-0.2889206082175176
0.46,-0.7535975575447083,0.010487105697393417,0.42498522996902466,-0.05653565749526024,0.8896210789680481,0.1791091412305832,0.35263127088546753,0.9868938326835632,-2.928535572255406,0.059112945439340134,-0.2889206082175176
0.47000000000000003,-0.7650021314620972,0.011326584964990616,0.43426740169525146,-0.05608809366822243,0.892568051815033,0.1816684603691101,0.348044216632843,0.989168643951416,-2.928535572255406,0.059112945439340134,-0.2889206082175176
0.48,-0.7743564248085022,0.011375486850738525,0.4418276846408844,-0.05625242367386818,0.8943162560462952,0.18442268669605255,0.3430913984775543,0.9889250993728638,-2.928535572255406,0.059112945439340134,-0.2889206082175176
0.49,-0.7830894589424133,0.012030128389596939,0.44949671626091003,-0.055789459496736526,0.8960354924201965,0.1877458095550537,0.3388144075870514,0.9904690384864807,-2.928535572255406,0.059112945439340134,-0.2889206082175176
0.0,-0.322090208530426,-0.07051102817058563,0.0313853919506073,-0.1036464124917984,0.8348467350006104,0.12435321509838104,0.6680388450622559,0.057654138654470444,-2.7050222372630865,-0.3496211285995755,-0.25631781382925445
0.01,-0.2988573908805847,-0.08498170971870422,0.017154987901449203,-0.3089350759983063,0.7445188164710999,0.10567208379507065,0.6701900362968445,0.7366576790809631,-2.7050222372630865,-0.3496211285995755,-0.25631781382925445
0.02,-0.15618650615215302,-0.020654775202274323,-0.004615038633346558,-0.21289174258708954,0.5617982745170593,0.3855699300765991,0.6283297538757324,0.9023531079292297,-2.7050222372630865,-0.3496211285995755,-0.25631781382925445
0.03,-0.2867268919944763,-0.015020739287137985,0.09499776363372803,-0.28201720118522644,0.6596655249595642,0.3941103219985962,0.5924447774887085,0.8462685942649841,-2.7050222372630865,-0.3496211285995755,-0.25631781382925445
0.04,-0.2330009639263153,-0.015031419694423676,0.022500695660710335,-0.2665432393550873,0.6499918103218079,0.3815927803516388,0.5922807455062866,0.8999128937721252,-2.7050222372630865,-0.3496211285995755,-0.25631781382925445
0.05,-0.2678031623363495,-0.010222889482975006,0.08624093234539032,-0.249803826212883,0.638244092464447,0.3847106993198395,0.5979313850402832,0.8860401511192322,-2.7050222372630865,-0.3496211285995755,-0.25631781382925445
0.06,-0.26850566267967224,-0.015668489038944244,0.05704968050122261,-0.2621666491031647,0.6607270836830139,0.37198877334594727,0.5783528089523315,0.8835763335227966,-2.7050222372630865,-0.3496211285995755,-0.25631781382925445
0.07,-0.2783791720867157,-0.010036714375019073,0.07996261119842529,-0.24317918717861176,0.6528549790382385,0.37393712997436523,0.5857232809066772,0.8984115719795227,-2.7050222372630865,-0.3496211285995755,-0.25631781382925445
0.08,-0.28673139214515686,-0.012839168310165405,0.07732725888490677,-0.2477577179670334,0.6655104756355286,0.36505675315856934,0.5751856565475464,0.8956418633460999,-2.7050222372630865,-0.3496211285995755,-0.25631781382925445
0.09,-0.2944944202899933,-0.010478921234607697,0.08654843270778656,-0.2375705987215042,0.6650171279907227,0.36401456594467163,0.5749542117118835,0.9043291807174683,-2.7050222372630865,-0.3496211285995755,-0.25631781382925445
0.1,-0.30478522181510925,-0.010622680187225342,0.09131846576929092,-0.23601435124874115,0.6737093329429626,0.3580208420753479,0.5693331956863403,0.9073570370674133,-2.7050222372630865,-0.3496211285995755,-0.25631781382925445
0.11,-0.3127346932888031,-0.009662900120019913,0.09716591238975525,-0.2301541119813919,0.6768027544021606,0.3539995551109314,0.5667744874954224,0.9146332144737244,-2.7050222372630865,-0.3496211285995755,-0.25631781382925445
0.12,-0.32244160771369934,-0.00916636735200882,0.10354859381914139,-0.22627167403697968,0.6825836896896362,0.3496723175048828,0.5625541806221008,0.9189122319221497,-2.7050222372630865,-0.3496211285995755,-0.25631781382925445
0.13,-0.33167457580566406,-0.008488375693559647,0.1091729998588562,-0.2218250185251236,0.6876948475837708,0.3452129364013672,0.5589861869812012,0.9252626299858093,-2.7050222372630865,-0.3496211285995755,-0.25631781382925445
0.14,-0.34195953607559204,-0.007688932120800018,0.1168181523680687,-0.21672393381595612,0.6921806931495667,0.3411242961883545,0.5547447800636292,0.9301055669784546,-2.7050222372630865,-0.3496211285995755,-0.25631781382925445
0.15,-0.35290858149528503,-0.007447481155395508,0.12411848455667496,-0.21204347908496857,0.6973406076431274,0.33655399084091187,0.5495621562004089,0.9341297745704651,-2.7050222372630865,-0.3496211285995755,-0.25631781382925445
0.16,-0.3636516332626343,-0.006878994405269623,0.13159912824630737,-0.20716328918933868,0.7022603154182434,0.3323838412761688,0.5446398258209229,0.9376489520072937,-2.7050222372630865,-0.3496211285995755,-0.25631781382925445
0.17,-0.3743228316307068,-0.006473079323768616,0.13904809951782227,-0.20248572528362274,0.7071043252944946,0.3277655243873596,0.5395957231521606,0.9405196309089661,-2.7050222372630865,-0.3496211285995755,-0.25631781382925445
0.18,-0.385049045085907,-0.006114199757575989,0.14661112427711487,-0.19772444665431976,0.7117573022842407,0.3232521712779999,0.5344979763031006,0.9430018663406372,-2.7050222372630865,-0.3496211285995755,-0.25631781382925445
0.19,-0.3960978090763092,-0.005679905414581299,0.1546625792980194,-0.19267064332962036,0.7165236473083496,0.3186272382736206,0.5294767022132874,0.9458115100860596,-2.7050222372630865,-0.3496211285995755,-0.25631781382925445
0.2,-0.407337486743927,-0.005177773535251617,0.1626160591840744,-0.18786096572875977,0.7213938236236572,0.3138599097728729,0.5243150591850281,0.9485555291175842,-2.7050222372630865,-0.3496211285995755,-0.25631781382925445
0.21,-0.41841402649879456,-0.00473921000957489,0.17054462432861328,-0.18295493721961975,0.7261316180229187,0.30913087725639343,0.519102931022644,0.9510874152183533,-2.7050222372630865,-0.3496211285995755,-0.25631781382925445
0.22,-0.4293191730976105,-0.004050027579069138,0.17845699191093445,-0.17834745347499847,0.7314425110816956,0.30503249168395996,0.5139734148979187,0.9532786011695862,-2.7050222372630865,-0.3496211285995755,-0.25631781382925445
0.23,-0.43956854939460754,-0.003787092864513397,0.18701580166816711,-0.17399202287197113,0.7359045743942261,0.3007223606109619,0.5087369680404663,0.9540824294090271,-2.7050222372630865,-0.3496211285995755,-0.25631781382925445
0.24,-0.4504135847091675,-0.003696620464324951,0.19605350494384766,-0.16956984996795654,0.7403609156608582,0.29687148332595825,0.5029308199882507,0.95406574010849,-2.7050222372630865,-0.3496211285995755,-0.25631781382925445
0.25,-0.46200957894325256,-0.0036658942699432373,0.20591109991073608,-0.16475580632686615,0.7450241446495056,0.2931363880634308,0.4968459904193878,0.9542543292045593,-2.7050222372630865,-0.3496211285995755,-0.25631781382925445
0.26,-0.4739847481250763,-0.00344017893075943,0.21572700142860413,-0.15998928248882294,0.7499585747718811,0.2894131541252136,0.4908333420753479,0.954612135887146,-2.7050222372630865,-0.3496211285995755,-0.25631781382925445
0.27,-0.486163467168808,-0.0034231767058372498,0.22550660371780396,-0.15521979331970215,0.7547509670257568,0.28558316826820374,0.48528918623924255,0.9548830389976501,-2.7050222372630865,-0.3496211285995755,-0.25631781382925445
0.28,-0.49859124422073364,-0.003233574330806732,0.2354826033115387,-0.15061672031879425,0.759731113910675,0.282283216714859,0.479790598154068,0.9551295042037964,-2.7050222372630865,-0.3496211285995755,-0.25631781382925445
0.29,-0.5109607577323914,-0.0031661130487918854,0.2455131709575653,-0.14599867165088654,0.7659508585929871,0.2786453068256378,0.47436562180519104,0.9561247825622559,-2.7050222372630865,-0.3496211285995755,-0.25631781382925445
0.3,-0.5231384038925171,-0.0031317174434661865,0.2554837763309479,-0.14172230660915375,0.7722883820533752,0.2744022607803345,0.4692452847957611,0.9575123190879822,-2.7050222372630865,-0.3496211285995755,-0.25631781382925445
0.31,-0.5351214408874512,-0.0025654546916484833,0.2652897238731384,-0.13745807111263275,0.7772154808044434,0.27020561695098877,0.463207483291626,0.9578744173049927,-2.7050222372630865,-0.3496211285995755,-0.25631781382925445
0.32,-0.5467829704284668,-0.004028294235467911,0.27499544620513916,-0.13283421099185944,0.7817501425743103,0.2662631571292877,0.4570823013782501,0.9558760523796082,-2.7050222372630865,-0.3496211285995755,-0.25631781382925445
0.33,-0.5616461634635925,-0.0037122629582881927,0.28675320744514465,-0.12807266414165497,0.7886793613433838,0.2627562880516052,0.4522104263305664,0.9571866393089294,-2.7050222372630865,-0.3496211285995755,-0.25631781382925445
0.34,-0.5746972560882568,-0.003297712653875351,0.2953087091445923,-0.12367407977581024,0.7939792275428772,0.2575854957103729,0.44562891125679016,0.9568971991539001,-2.7050222372630865,-0.3496211285995755,-0.25631781382925445
0.35000000000000003,-0.5893566608428955,-0.0030232593417167664,0.30536797642707825,-0.11806675791740417,0.7998136878013611,0.25173401832580566,0.4389742314815521,0.9577317833900452,-2.7050222372630865,-0.3496211285995755,-0.25631781382925445
0.36,-0.6055024266242981,-0.0027705468237400055,0.3162423372268677,-0.11326465010643005,0.8066935539245605,0.24543853104114532,0.43200305104255676,0.9582998156547546,-2.7050222372630865,-0.3496211285995755,-0.25631781382925445
0.37,-0.6213169693946838,-0.003070693463087082,0.32703638076782227,-0.1092223972082138,0.8128347396850586,0.23974816501140594,0.4241345226764679,0.9575029015541077,-2.7050222372630865,-0.3496211285995755,-0.25631781382925445
0.38,-0.6384150981903076,-0.0037815645337104797,0.3379679322242737,-0.10509069263935089,0.8181409239768982,0.2354496568441391,0.41453003883361816,0.956285297870636,-2.7050222372630865,-0.3496211285995755,-0.25631781382925445
0.39,-0.656653642654419,-0.003788258880376816,0.3501226007938385,-0.10069045424461365,0.824682891368866,0.23197509348392487,0.4055362641811371,0.9566026329994202,-2.7050222372630865,-0.3496211285995755,-0.25631781382925445
0.4,-0.673380970954895,-0.0032524093985557556,0.36045172810554504,-0.09663034975528717,0.8303801417350769,0.2279166430234909,0.3973420560359955,0.9567798972129822,-2.7050222372630865,-0.3496211285995755,-0.25631781382925445
0.41000000000000003,-0.6885964870452881,-0.0037017986178398132,0.36964017152786255,-0.092713862657547,0.8357813358306885,0.22349154949188232,0.3889019787311554,0.9561778903007507,-2.7050222372630865,-0.3496211285995755,-0.25631781382925445
0.42,-0.7049955129623413,-0.004831116646528244,0.3804405927658081,-0.08967487514019012,0.8402109146118164,0.2215471863746643,0.3807329535484314,0.9563730955123901,-2.7050222372630865,-0.3496211285995755,-0.25631781382925445
0.43,-0.7210506200790405,-0.006064563989639282,0.3921161890029907,-0.08928166329860687,0.8449053168296814,0.22442907094955444,0.37303128838539124,0.9559631943702698,-2.7050222372630865,-0.3496211285995755,-0.25631781382925445
0.44,-0.7346699237823486,-0.005477838218212128,0.4021947979927063,-0.08746129274368286,0.8502276539802551,0.22937174141407013,0.36799249053001404,0.9567790627479553,-2.7050222372630865,-0.3496211285995755,-0.25631781382925445
0.45,-0.7467852234840393,-0.0033130794763565063,0.4114295244216919,-0.08517089486122131,0.8557152152061462,0.23154662549495697,0.36422258615493774,0.9595381617546082,-2.7050222372630865,-0.3496211285995755,-0.25631781382925445
0.46,-0.7562438249588013,-0.003046806901693344,0.4184020459651947,-0.08357299864292145,0.8596437573432922,0.2312341332435608,0.3601156175136566,0.9597600102424622,-2.7050222372630865,-0.3496211285995755,-0.25631781382925445
0.47000000000000003,-0.7661310434341431,-0.0034879110753536224,0.4250617027282715,-0.08163091540336609,0.8633838295936584,0.2316610962152481,0.3569265305995941,0.9614027142524719,-2.7050222372630865,-0.3496211285995755,-0.25631781382925445
0.48,-0.7763698697090149,-0.0028656795620918274,0.4322170615196228,-0.07986043393611908,0.8678691983222961,0.23286505043506622,0.35425248742103577,0.9635798931121826,-2.7050222372630865,-0.3496211285995755,-0.25631781382925445
0.49,-0.7849498987197876,-0.0031156018376350403,0.43787941336631775,-0.07941105961799622,0.8718146681785583,0.23340244591236115,0.3515014946460724,0.964558482170105,-2.7050222372630865,-0.3496211285995755,-0.25631781382925445
0.0,-0.15190456807613373,0.007987305521965027,-0.07645616680383682,-0.01792268082499504,0.9241752624511719,0.06083356961607933,0.8182460069656372,-0.013406384736299515,-3.534846137451855,-0.014603688766319711,-0.3283723201807993
0.01,-0.05090159922838211,-0.10511597990989685,0.1759381890296936,-0.10678249597549438,0.6806043982505798,-0.1670537292957306,0.6305149793624878,0.05842604860663414,-3.534846137451855,-0.014603688766319711,-0.3283723201807993
0.02,-0.21876227855682373,-0.12256776541471481,-0.042179353535175323,0.0028856582939624786,0.7929425239562988,-0.0921260267496109,0.6457934379577637,0.3223082721233368,-3.534846137451855,-0.014603688766319711,-0.3283723201807993
0.03,-0.2581730782985687,-0.023598290979862213,-0.07533862441778183,-0.12286625802516937,0.877126932144165,-0.04615787789225578,0.787386953830719,1.1087132692337036,-3.534846137451855,-0.014603688766319711,-0.3283723201807993
0.04,-0.0862649604678154,-0.009013824164867401,-0.02195706218481064,-0.08770960569381714,0.5748898386955261,0.20222195982933044,0.7576236724853516,1.081525444984436,-3.534846137451855,-0.014603688766319711,-0.3283723201807993
0.05,-0.24371853470802307,0.006766274571418762,0.040459126234054565,-0.19834406673908234,0.7161825895309448,0.30468544363975525,0.6373752355575562,0.9112943410873413,-3.534846137451855,-0.014603688766319711,-0.3283723201807993
0.06,-0.17996791005134583,-0.010256394743919373,-0.04333280771970749,-0.21707843244075775,0.7341663837432861,0.3087726831436157,0.6602665185928345,1.0010262727737427,-3.534846137451855,-0.014603688766319711,-0.3283723201807993
0.07,-0.22453001141548157,0.015298321843147278,0.04621768370270729,-0.18953345715999603,0.7010149359703064,0.34668242931365967,0.6778757572174072,0.9969164729118347,-3.534846137451855,-0.014603688766319711,-0.3283723201807993
0.08,-0.21506914496421814,0.0036910101771354675,0.010329212993383408,-0.216511532664299,0.7297758460044861,0.3374479413032532,0.6411401033401489,0.9624196290969849,-3.534846137451855,-0.014603688766319711,-0.3283723201807993
0.09,-0.23056501150131226,0.008785255253314972,0.033958785235881805,-0.1904592514038086,0.7230862975120544,0.33562713861465454,0.6524125337600708,0.9828194379806519,-3.534846137451855,-0.014603688766319711,-0.3283723201807993
0.1,-0.23900499939918518,0.008027881383895874,0.03167486935853958,-0.19774843752384186,0.7353852987289429,0.327200710773468,0.6411081552505493,0.9810495972633362,-3.534846137451855,-0.014603688766319711,-0.3283723201807993
0.11,-0.24685287475585938,0.007348053157329559,0.04125496745109558,-0.186272531747818,0.7341251373291016,0.32411837577819824,0.6390575170516968,0.9858343005180359,-3.534846137451855,-0.014603688766319711,-0.3283723201807993
0.12,-0.25758153200149536,0.009405195713043213,0.04592270776629448,-0.1855154186487198,0.7430816292762756,0.3193508982658386,0.6329162120819092,0.988507866859436,-3.534846137451855,-0.014603688766319711,-0.3283723201807993
0.13,-0.2646384835243225,0.008231185376644135,0.051863789558410645,-0.1782711297273636,0.7445127367973328,0.31353962421417236,0.6286693811416626,0.9919882416725159,-3.534846137451855,-0.014603688766319711,-0.3283723201807993
0.14,-0.27497491240501404,0.009548939764499664,0.05819723755121231,-0.1746543049812317,0.7507752776145935,0.30893999338150024,0.6235511302947998,0.9951755404472351,-3.534846137451855,-0.014603688766319711,-0.3283723201807993
0.15,-0.28294050693511963,0.009043194353580475,0.06346496939659119,-0.1698068529367447,0.7543522119522095,0.3032253384590149,0.6189295053482056,0.9986941814422607,-3.534846137451855,-0.014603688766319711,-0.3283723201807993
0.16,-0.2927507758140564,0.009706400334835052,0.0703297033905983,-0.16591984033584595,0.7589715719223022,0.29834145307540894,0.6145903468132019,1.0020062923431396,-3.534846137451855,-0.014603688766319711,-0.3283723201807993
0.17,-0.30134594440460205,0.009629063308238983,0.07600648701190948,-0.16189630329608917,0.7634203433990479,0.2932230830192566,0.6098712682723999,1.0050305128097534,-3.534846137451855,-0.014603688766319711,-0.3283723201807993
0.18,-0.3108353912830353,0.0102144256234169,0.08293477445840836,-0.15731830894947052,0.7686207890510559,0.2879534959793091,0.6060537695884705,1.0092799663543701,-3.534846137451855,-0.014603688766319711,-0.3283723201807993
0.19,-0.32004067301750183,0.010198742151260376,0.08920891582965851,-0.15330444276332855,0.7736862897872925,0.28231802582740784,0.6019081473350525,1.0138251781463623,-3.534846137451855,-0.014603688766319711,-0.3283723201807993
0.2,-0.32960379123687744,0.010804601013660431,0.09603461623191833,-0.14930905401706696,0.7786983847618103,0.27746328711509705,0.5976942181587219,1.0183603763580322,-3.534846137451855,-0.014603688766319711,-0.3283723201807993
0.21,-0.33890560269355774,0.011206518858671188,0.1025807335972786,-0.14527647197246552,0.7836176156997681,0.27210235595703125,0.593313455581665,1.0228524208068848,-3.534846137451855,-0.014603688766319711,-0.3283723201807993
0.22,-0.34885960817337036,0.01193421334028244,0.1092158630490303,-0.14139801263809204,0.7893025279045105,0.2661636471748352,0.589262843132019,1.0280735492706299,-3.534846137451855,-0.014603688766319711,-0.3283723201807993
0.23,-0.3588637411594391,0.012379378080368042,0.1154254749417305,-0.13720707595348358,0.7944268584251404,0.2594853639602661,0.5851854085922241,1.0339277982711792,-3.534846137451855,-0.014603688766319711,-0.3283723201807993
0.24,-0.36970946192741394,0.013019151985645294,0.12211646139621735,-0.13305477797985077,0.8000972867012024,0.2529696822166443,0.5813004970550537,1.040370225906372,-3.534846137451855,-0.014603688766319711,-0.3283723201807993
0.25,-0.3803229033946991,0.013225112110376358,0.12840136885643005,-0.12869399785995483,0.8055337071418762,0.24615110456943512,0.5773630142211914,1.0468083620071411,-3.534846137451855,-0.014603688766319711,-0.3283723201807993
0.26,-0.3916205167770386,0.013003833591938019,0.1358470916748047,-0.12411271035671234,0.8108011484146118,0.2396412044763565,0.572849690914154,1.0520362854003906,-3.534846137451855,-0.014603688766319711,-0.3283723201807993
0.27,-0.40279531478881836,0.013405241072177887,0.1425783485174179,-0.11979730427265167,0.8167605996131897,0.23320984840393066,0.5688170194625854,1.0583715438842773,-3.534846137451855,-0.014603688766319711,-0.3283723201807993
0.28,-0.4139349162578583,0.01335381343960762,0.15025708079338074,-0.11565877497196198,0.8223325610160828,0.22712409496307373,0.5649896264076233,1.0641461610794067,-3.534846137451855,-0.014603688766319711,-0.3283723201807993
0.29,-0.4256989359855652,0.0138455331325531,0.15844881534576416,-0.11208079755306244,0.8288046717643738,0.22187940776348114,0.5611057877540588,1.070275902748108,-3.534846137451855,-0.014603688766319711,-0.3283723201807993
0.3,-0.43737903237342834,0.014502383768558502,0.16856518387794495,-0.10782937705516815,0.8334900736808777,0.21739818155765533,0.5559333562850952,1.0730901956558228,-3.534846137451855,-0.014603688766319711,-0.3283723201807993
0.31,-0.45065829157829285,0.014559082686901093,0.1799291968345642,-0.10368697345256805,0.8384817242622375,0.21245892345905304,0.5488476753234863,1.073548436164856,-3.534846137451855,-0.014603688766319711,-0.3283723201807993
0.32,-0.4652644097805023,0.014663606882095337,0.19208365678787231,-0.0996747761964798,0.8443973660469055,0.20745031535625458,0.5411254167556763,1.0746387243270874,-3.534846137451855,-0.014603688766319711,-0.3283723201807993
0.33,-0.4802790880203247,0.014711316674947739,0.2045537829399109,-0.0961274802684784,0.8510201573371887,0.2027026265859604,0.5332334041595459,1.076430320739746,-3.534846137451855,-0.014603688766319711,-0.3283723201807993
0.34,-0.4949153661727905,0.013586729764938354,0.21754410862922668,-0.09196978807449341,0.8553752303123474,0.19927406311035156,0.5246402621269226,1.0740323066711426,-3.534846137451855,-0.014603688766319711,-0.3283723201807993
0.35000000000000003,-0.5112513303756714,0.012889228761196136,0.2319243848323822,-0.08782844245433807,0.8610265851020813,0.19597160816192627,0.5153743028640747,1.0710560083389282,-3.534846137451855,-0.014603688766319711,-0.3283723201807993
0.36,-0.5279611945152283,0.012013979256153107,0.24667823314666748,-0.08326998353004456,0.8670313358306885,0.19187690317630768,0.5057796835899353,1.0681127309799194,-3.534846137451855,-0.014603688766319711,-0.3283723201807993
0.37,-0.5450147986412048,0.01123104989528656,0.26159730553627014,-0.078420490026474,0.8726739883422852,0.18696551024913788,0.49634313583374023,1.0674117803573608,-3.534846137451855,-0.014603688766319711,-0.3283723201807993
0.38,-0.5632316470146179,0.01052163913846016,0.2762492299079895,-0.0730837881565094,0.8773664832115173,0.18213991820812225,0.485567182302475,1.0668814182281494,-3.534846137451855,-0.014603688766319711,-0.3283723201807993
0.39,-0.5833683013916016,0.009821411222219467,0.2926366627216339,-0.06988103687763214,0.8823522925376892,0.17942778766155243,0.47425577044487,1.0654935836791992,-3.534846137451855,-0.014603688766319711,-0.3283723201807993
0.4,-0.6040549278259277,0.00869842991232872,0.30985337495803833,-0.06692196428775787,0.8873953223228455,0.17874254286289215,0.4629083573818207,1.0633167028427124,-3.534846137451855,-0.014603688766319711,-0.3283723201807993
0.41000000000000003,-0.62778639793396,0.007901433855295181,0.32912009954452515,-0.06335146725177765,0.8944537043571472,0.17844158411026,0.4514055550098419,1.0630830526351929,-3.534846137451855,-0.014603688766319711,-0.3283723201807993
0.42,-0.653393030166626,0.007915407419204712,0.34810671210289,-0.06008642539381981,0.9019089341163635,0.17743130028247833,0.43986883759498596,1.0638229846954346,-3.534846137451855,-0.014603688766319711,-0.3283723201807993
0.43,-0.6781110763549805,0.006432764232158661,0.36640822887420654,-0.05735732242465019,0.9077690243721008,0.17724616825580597,0.4269322454929352,1.061660885810852,-3.534846137451855,-0.014603688766319711,-0.3283723201807993
0.44,-0.7051272392272949,0.006626881659030914,0.38693636655807495,-0.055502813309431076,0.9168943166732788,0.18034036457538605,0.41360828280448914,1.0585039854049683,-3.534846137451855,-0.014603688766319711,-0.3283723201807993
0.45,-0.7295342087745667,0.005346618592739105,0.405251681804657,-0.05660679563879967,0.9227623343467712,0.1849006712436676,0.39911016821861267,1.0535609722137451,-3.534846137451855,-0.014603688766319711,-0.3283723201807993
0.46,-0.7531094551086426,0.005503788590431213,0.4228472113609314,-0.056251879781484604,0.9282709956169128,0.19454143941402435,0.38646483421325684,1.0495413541793823,-3.534846137451855,-0.014603688766319711,-0.3283723201807993
0.47000000000000003,-0.7745791077613831,0.008229576051235199,0.44030195474624634,-0.055843453854322433,0.9334474205970764,0.20380133390426636,0.37595534324645996,1.0502592325210571,-3.534846137451855,-0.014603688766319711,-0.3283723201807993
0.48,-0.7913099527359009,0.011003464460372925,0.45429688692092896,-0.053662773221731186,0.9366157650947571,0.21183937788009644,0.3663173317909241,1.0500959157943726,-3.534846137451855,-0.014603688766319711,-0.3283723201807993
0.49,-0.8064447641372681,0.013233263045549393,0.46639174222946167,-0.05162115767598152,0.9400738477706909,0.21745643019676208,0.3585951626300812,1.0515038967132568,-3.534846137451855,-0.014603688766319711,-0.3283723201807993
0.0,-0.3404914438724518,-0.10731662809848785,0.020192421972751617,-0.11674943566322327,0.8626483082771301,0.10360565781593323,0.6640893220901489,0.1100212037563324,-2.3917765497574193,-0.2600397064117939,-0.3375228526547434
0.01,-0.23823782801628113,-0.07312697917222977,-0.04584764689207077,-0.30039283633232117,0.7368216514587402,0.09054553508758545,0.7281836271286011,1.0421580076217651,-2.3917765497574193,-0.2600397064117939,-0.3375228526547434
0.02,-0.12679731845855713,-0.021513693034648895,0.07650982588529587,-0.19578665494918823,0.4848766326904297,0.41309911012649536,0.6973707675933838,0.8339247107505798,-2.3917765497574193,-0.2600397064117939,-0.3375228526547434
0.03,-0.31234803795814514,-0.03200646489858627,0.06894613802433014,-0.3125768005847931,0.6950184106826782,0.3799302279949188,0.5789101123809814,0.8238193392753601,-2.3917765497574193,-0.2600397064117939,-0.3375228526547434
0.04,-0.2105540633201599,-0.02007388323545456,0.01221064105629921,-0.2551390826702118,0.640153706073761,0.3776957392692566,0.6511391997337341,0.9587072730064392,-2.3917765497574193,-0.2600397064117939,-0.3375228526547434
0.05,-0.27527979016304016,-0.014775250107049942,0.10133504867553711,-0.2608283460140228,0.6399256587028503,0.38316336274147034,0.6354900598526001,0.904521107673645,-2.3917765497574193,-0.2600397064117939,-0.3375228526547434
0.06,-0.26147568225860596,-0.024590246379375458,0.0491441935300827,-0.266266793012619,0.6613487601280212,0.36733153462409973,0.6105363368988037,0.9076988101005554,-2.3917765497574193,-0.2600397064117939,-0.3375228526547434
0.07,-0.2794245183467865,-0.014301404356956482,0.08714694529771805,-0.24732623994350433,0.653516411781311,0.37099379301071167,0.6242945790290833,0.9224861264228821,-2.3917765497574193,-0.2600397064117939,-0.3375228526547434
0.08,-0.286523699760437,-0.0198499895632267,0.07556144893169403,-0.2541442811489105,0.668432354927063,0.3585667312145233,0.6082298755645752,0.919159471988678,-2.3917765497574193,-0.2600397064117939,-0.3375228526547434
0.09,-0.2933565378189087,-0.01597585529088974,0.08834782242774963,-0.24312441051006317,0.6658992171287537,0.3595389127731323,0.6111007928848267,0.9260855317115784,-2.3917765497574193,-0.2600397064117939,-0.3375228526547434
0.1,-0.30347418785095215,-0.016561537981033325,0.09020639955997467,-0.2429959625005722,0.6752831339836121,0.35161104798316956,0.6039103269577026,0.9290844798088074,-2.3917765497574193,-0.2600397064117939,-0.3375228526547434
0.11,-0.3099794387817383,-0.015516199171543121,0.09627343714237213,-0.23734115064144135,0.6771745085716248,0.34802666306495667,0.602131724357605,0.9337860941886902,-2.3917765497574193,-0.2600397064117939,-0.3375228526547434
0.12,-0.31971609592437744,-0.015004444867372513,0.10186752676963806,-0.23452375829219818,0.6830254793167114,0.34316784143447876,0.5975296497344971,0.9371429085731506,-2.3917765497574193,-0.2600397064117939,-0.3375228526547434
0.13,-0.3275350034236908,-0.014322806149721146,0.10661531239748001,-0.23080317676067352,0.6875723004341125,0.33886128664016724,0.594068169593811,0.9416142106056213,-2.3917765497574193,-0.2600397064117939,-0.3375228526547434
0.14,-0.3360232710838318,-0.013505153357982635,0.1120966449379921,-0.22733113169670105,0.692591667175293,0.3346523642539978,0.5904525518417358,0.9454731941223145,-2.3917765497574193,-0.2600397064117939,-0.3375228526547434
0.15,-0.34417924284935,-0.012417957186698914,0.11708884686231613,-0.22398057579994202,0.6972830891609192,0.3302282989025116,0.5863837003707886,0.9494224190711975,-2.3917765497574193,-0.2600397064117939,-0.3375228526547434
0.16,-0.3523992598056793,-0.011530354619026184,0.12230092287063599,-0.2203114777803421,0.7018260359764099,0.3256450295448303,0.5821992754936218,0.9529754519462585,-2.3917765497574193,-0.2600397064117939,-0.3375228526547434
0.17,-0.3609953820705414,-0.010508794337511063,0.12734121084213257,-0.21695829927921295,0.7068317532539368,0.320843368768692,0.5783141851425171,0.9571319818496704,-2.3917765497574193,-0.2600397064117939,-0.3375228526547434
0.18,-0.36896398663520813,-0.009417355060577393,0.13220831751823425,-0.21355678141117096,0.7114388942718506,0.31606706976890564,0.5745882391929626,0.9609323143959045,-2.3917765497574193,-0.2600397064117939,-0.3375228526547434
0.19,-0.377824991941452,-0.008320897817611694,0.1377781629562378,-0.21010304987430573,0.7167091965675354,0.31123387813568115,0.5712050795555115,0.9647641777992249,-2.3917765497574193,-0.2600397064117939,-0.3375228526547434
0.2,-0.38701823353767395,-0.007764328271150589,0.14461228251457214,-0.20612022280693054,0.7210389971733093,0.30653244256973267,0.5669518709182739,0.9658487439155579,-2.3917765497574193,-0.2600397064117939,-0.3375228526547434
0.21,-0.39661362767219543,-0.007576793432235718,0.15143060684204102,-0.2021860033273697,0.7259315848350525,0.30203887820243835,0.5621459484100342,0.9657317996025085,-2.3917765497574193,-0.2600397064117939,-0.3375228526547434
0.22,-0.40653717517852783,-0.007134974002838135,0.1584550440311432,-0.1979280561208725,0.730807900428772,0.29763156175613403,0.557464599609375,0.966101348400116,-2.3917765497574193,-0.2600397064117939,-0.3375228526547434
0.23,-0.4159754514694214,-0.006939716637134552,0.16550064086914062,-0.19365611672401428,0.7352328300476074,0.2931532859802246,0.5529828667640686,0.9658078551292419,-2.3917765497574193,-0.2600397064117939,-0.3375228526547434
0.24,-0.4258660078048706,-0.006544061005115509,0.17275556921958923,-0.18941600620746613,0.7395249009132385,0.28919094800949097,0.5479534864425659,0.9656215310096741,-2.3917765497574193,-0.2600397064117939,-0.3375228526547434
0.25,-0.4358678162097931,-0.006146684288978577,0.18001970648765564,-0.18474681675434113,0.7439295053482056,0.28561824560165405,0.5428410768508911,0.9645557999610901,-2.3917765497574193,-0.2600397064117939,-0.3375228526547434
0.26,-0.44595062732696533,-0.005784995853900909,0.18757811188697815,-0.17984212934970856,0.7481972575187683,0.2818377614021301,0.537536084651947,0.963858962059021,-2.3917765497574193,-0.2600397064117939,-0.3375228526547434
0.27,-0.45623162388801575,-0.005361452698707581,0.19557592272758484,-0.17471013963222504,0.7526484131813049,0.2780880928039551,0.532371461391449,0.9632111191749573,-2.3917765497574193,-0.2600397064117939,-0.3375228526547434
0.28,-0.46643510460853577,-0.004911266267299652,0.20348992943763733,-0.16989506781101227,0.75726717710495,0.2745082378387451,0.5270761251449585,0.9620158076286316,-2.3917765497574193,-0.2600397064117939,-0.3375228526547434
0.29,-0.4767455458641052,-0.0043448954820632935,0.21146532893180847,-0.16496829688549042,0.761959433555603,0.2709940969944,0.5219107866287231,0.9606979489326477,-2.3917765497574193,-0.2600397064117939,-0.3375228526547434
0.3,-0.487263947725296,-0.004140287637710571,0.21991106867790222,-0.15999795496463776,0.7666425704956055,0.2668244242668152,0.5168535709381104,0.9597977995872498,-2.3917765497574193,-0.2600397064117939,-0.3375228526547434
0.31,-0.4978855550289154,-0.0037930086255073547,0.22881945967674255,-0.15487979352474213,0.7711593508720398,0.26197150349617004,0.5122979283332825,0.9595012068748474,-2.3917765497574193,-0.2600397064117939,-0.3375228526547434
0.32,-0.5083035826683044,-0.004224639385938644,0.23765701055526733,-0.1497841775417328,0.7749080061912537,0.25738340616226196,0.5071732997894287,0.9574394822120667,-2.3917765497574193,-0.2600397064117939,-0.3375228526547434
0.33,-0.521007239818573,-0.004707768559455872,0.24756836891174316,-0.14452455937862396,0.7785407304763794,0.25372254848480225,0.5005707144737244,0.9559881687164307,-2.3917765497574193,-0.2600397064117939,-0.3375228526547434
0.34,-0.5345808863639832,-0.004328623414039612,0.256844699382782,-0.13900667428970337,0.7833159565925598,0.2505277693271637,0.4933239221572876,0.9563984274864197,-2.3917765497574193,-0.2600397064117939,-0.3375228526547434
0.35000000000000003,-0.5470210909843445,-0.003954283893108368,0.26507002115249634,-0.13295109570026398,0.7883539795875549,0.2459092140197754,0.48722031712532043,0.9576618075370789,-2.3917765497574193,-0.2600397064117939,-0.3375228526547434
0.36,-0.5595234632492065,-0.003776438534259796,0.2732395529747009,-0.12702424824237823,0.7929853796958923,0.24039416015148163,0.4816344380378723,0.9587079286575317,-2.3917765497574193,-0.2600397064117939,-0.3375228526547434
0.37,-0.5731412768363953,-0.003800205886363983,0.2829679250717163,-0.12097625434398651,0.7981947064399719,0.23515896499156952,0.4755859673023224,0.958895742893219,-2.3917765497574193,-0.2600397064117939,-0.3375228526547434
0.38,-0.5876743793487549,-0.0039629340171813965,0.29339808225631714,-0.11461825668811798,0.8037540316581726,0.22977541387081146,0.46903902292251587,0.9592073559761047,-2.3917765497574193,-0.2600397064117939,-0.3375228526547434
0.39,-0.6043834686279297,-0.00395902618765831,0.3054385781288147,-0.10805632174015045,0.8103656768798828,0.22355440258979797,0.4621513783931732,0.9593432545661926,-2.3917765497574193,-0.2600397064117939,-0.3375228526547434
0.4,-0.6208920478820801,-0.004614904522895813,0.3162901997566223,-0.10186345875263214,0.8175537586212158,0.2172294706106186,0.45539480447769165,0.9583977460861206,-2.3917765497574193,-0.2600397064117939,-0.3375228526547434
0.41000000000000003,-0.6375887989997864,-0.005584202706813812,0.32799237966537476,-0.09610889852046967,0.8236411809921265,0.21194720268249512,0.4481726288795471,0.9584288001060486,-2.3917765497574193,-0.2600397064117939,-0.3375228526547434
0.42,-0.6553850173950195,-0.006204407662153244,0.34010374546051025,-0.09213966131210327,0.8304690718650818,0.20902808010578156,0.4388442039489746,0.9588544368743896,-2.3917765497574193,-0.2600397064117939,-0.3375228526547434
0.43,-0.6709413528442383,-0.006936989724636078,0.3487895131111145,-0.09044486284255981,0.8368375301361084,0.20791926980018616,0.4294191896915436,0.9589236378669739,-2.3917765497574193,-0.2600397064117939,-0.3375228526547434
0.44,-0.6834564208984375,-0.007457800209522247,0.35524782538414,-0.08763043582439423,0.842155396938324,0.20734213292598724,0.4232654869556427,0.9597449898719788,-2.3917765497574193,-0.2600397064117939,-0.3375228526547434
0.45,-0.6949908137321472,-0.007334060966968536,0.36147111654281616,-0.08471573889255524,0.8472594022750854,0.20552149415016174,0.4183691442012787,0.9615821242332458,-2.3917765497574193,-0.2600397064117939,-0.3375228526547434
0.46,-0.7051275968551636,-0.008367300033569336,0.3668513000011444,-0.08350509405136108,0.8516802191734314,0.20342983305454254,0.4132521450519562,0.9613755941390991,-2.3917765497574193,-0.2600397064117939,-0.3375228526547434
0.47000000000000003,-0.7154992818832397,-0.009077955037355423,0.37317273020744324,-0.0815105140209198,0.8556504845619202,0.20270776748657227,0.4087661802768707,0.9612387418746948,-2.3917765497574193,-0.2600397064117939,-0.3375228526547434
0.48,-0.7259339690208435,-0.009102102369070053,0.3796314001083374,-0.080229252576828,0.860041618347168,0.2021455615758896,0.4040267765522003,0.9618415832519531,-2.3917765497574193,-0.2600397064117939,-0.3375228526547434
0.49,-0.7341688275337219,-0.00976983830332756,0.384723424911499,-0.07951056957244873,0.8639675378799438,0.20219044387340546,0.40046367049217224,0.9626063704490662,-2.3917765497574193,-0.2600397064117939,-0.3375228526547434
0.0,-0.10783009976148605,0.018273331224918365,-0.08999843150377274,0.00839085504412651,0.8957156538963318,0.0317673496901989,0.7968735694885254,-0.01938560977578163,-3.3347806050700695,0.15467797746177964,-0.29645878773266787
0.01,-0.030077330768108368,-0.11782383173704147,0.21802634000778198,-0.0455159954726696,0.6813236474990845,-0.22724604606628418,0.6059598922729492,0.052496422082185745,-3.3347806050700695,0.15467797746177964,-0.29645878773266787
0.02,-0.20401498675346375,-0.10424920171499252,-0.07398898154497147,0.04781083017587662,0.8208232522010803,-0.18819372355937958,0.6653574109077454,0.38794755935668945,-3.3347806050700695,0.15467797746177964,-0.29645878773266787
0.03,-0.1660630851984024,-0.017259754240512848,-0.1043754294514656,-0.02867867425084114,0.8001851439476013,-0.15716923773288727,0.7790838479995728,1.108793020248413,-3.3347806050700695,0.15467797746177964,-0.29645878773266787
0.04,-0.11494254320859909,-0.005922839045524597,-0.0016218721866607666,-0.004808392375707626,0.5709428191184998,0.08941451460123062,0.7388392686843872,1.0487887859344482,-3.3347806050700695,0.15467797746177964,-0.29645878773266787
0.05,-0.21652403473854065,0.0240032896399498,-0.01636573299765587,-0.1456850916147232,0.726500391960144,0.1825827807188034,0.645287811756134,0.9544926881790161,-3.3347806050700695,0.15467797746177964,-0.29645878773266787
0.06,-0.17586275935173035,-0.01952916756272316,-0.028014101088047028,-0.13737906515598297,0.6821466684341431,0.21766959130764008,0.6585043668746948,1.0110007524490356,-3.3347806050700695,0.15467797746177964,-0.29645878773266787
0.07,-0.231654554605484,0.044448353350162506,0.028159279376268387,-0.15297506749629974,0.7174504995346069,0.28363683819770813,0.6640206575393677,1.0079731941223145,-3.3347806050700695,0.15467797746177964,-0.29645878773266787
0.08,-0.19740357995033264,0.0033359751105308533,0.0009903982281684875,-0.1453278362751007,0.6975674629211426,0.2491808384656906,0.6357588768005371,0.9753467440605164,-3.3347806050700695,0.15467797746177964,-0.29645878773266787
0.09,-0.23463323712348938,0.024544812738895416,0.0269276462495327,-0.1412978619337082,0.7177047729492188,0.26224178075790405,0.6417431235313416,0.9963399767875671,-3.3347806050700695,0.15467797746177964,-0.29645878773266787
0.1,-0.22518107295036316,0.012827791273593903,0.019743552431464195,-0.13840828835964203,0.7152391076087952,0.2479713410139084,0.6313916444778442,0.9927007555961609,-3.3347806050700695,0.15467797746177964,-0.29645878773266787
0.11,-0.2434718906879425,0.019363723695278168,0.03463432565331459,-0.13169866800308228,0.7211218476295471,0.24957922101020813,0.6306861042976379,0.9985896944999695,-3.3347806050700695,0.15467797746177964,-0.29645878773266787
0.12,-0.24646160006523132,0.01648905873298645,0.03394085913896561,-0.13024039566516876,0.726465106010437,0.24088750779628754,0.6237837076187134,0.9988735318183899,-3.3347806050700695,0.15467797746177964,-0.29645878773266787
0.13,-0.25679537653923035,0.01749323308467865,0.04292064160108566,-0.12376128137111664,0.7292003631591797,0.23693902790546417,0.6219626665115356,1.0033226013183594,-3.3347806050700695,0.15467797746177964,-0.29645878773266787
0.14,-0.2647807002067566,0.01793581247329712,0.046834796667099,-0.12133149802684784,0.7359510064125061,0.2309100180864334,0.6170444488525391,1.005353331565857,-3.3347806050700695,0.15467797746177964,-0.29645878773266787
0.15,-0.2725802958011627,0.01699163019657135,0.05291557312011719,-0.1160002052783966,0.7392957806587219,0.22453397512435913,0.6138977408409119,1.008710503578186,-3.3347806050700695,0.15467797746177964,-0.29645878773266787
0.16,-0.2827666699886322,0.01819629967212677,0.059064652770757675,-0.11325840651988983,0.7462806105613708,0.2189781218767166,0.6101802587509155,1.012644648551941,-3.3347806050700695,0.15467797746177964,-0.29645878773266787
0.17,-0.29066774249076843,0.01737981289625168,0.06456445902585983,-0.10896772146224976,0.7505276799201965,0.212699294090271,0.6063945293426514,1.016276240348816,-3.3347806050700695,0.15467797746177964,-0.29645878773266787
0.18,-0.3015235960483551,0.018640100955963135,0.07156883180141449,-0.10531799495220184,0.7567355036735535,0.20734478533267975,0.6023529767990112,1.0199825763702393,-3.3347806050700695,0.15467797746177964,-0.29645878773266787
0.19,-0.30965638160705566,0.017757192254066467,0.07711522281169891,-0.1013842225074768,0.7613890767097473,0.20098651945590973,0.5975067615509033,1.0219876766204834,-3.3347806050700695,0.15467797746177964,-0.29645878773266787
0.2,-0.3204198181629181,0.01850738748908043,0.08403480052947998,-0.09780192375183105,0.7674235701560974,0.1955321729183197,0.593113899230957,1.0253524780273438,-3.3347806050700695,0.15467797746177964,-0.29645878773266787
0.21,-0.32945647835731506,0.017927616834640503,0.08997438102960587,-0.09427545964717865,0.7726638317108154,0.18976010382175446,0.5882392525672913,1.0283284187316895,-3.3347806050700695,0.15467797746177964,-0.29645878773266787
0.22,-0.3399392068386078,0.01856185495853424,0.0968967080116272,-0.09077799320220947,0.7785823941230774,0.18485073745250702,0.5838242769241333,1.0319653749465942,-3.3347806050700695,0.15467797746177964,-0.29645878773266787
0.23,-0.3491809070110321,0.018314354121685028,0.1031358540058136,-0.08725441992282867,0.7839377522468567,0.17942804098129272,0.5789952278137207,1.0350145101547241,-3.3347806050700695,0.15467797746177964,-0.29645878773266787
0.24,-0.3596779704093933,0.018844053149223328,0.1101616844534874,-0.0837739109992981,0.7896735072135925,0.17392876744270325,0.5746567249298096,1.0389394760131836,-3.3347806050700695,0.15467797746177964,-0.29645878773266787
0.25,-0.36958545446395874,0.018863577395677567,0.11692094057798386,-0.08047957718372345,0.7950415015220642,0.16810637712478638,0.5701560974121094,1.0421555042266846,-3.3347806050700695,0.15467797746177964,-0.29645878773266787
0.26,-0.38004687428474426,0.01957498863339424,0.12430296838283539,-0.0773550271987915,0.8010343909263611,0.1626531481742859,0.5659142732620239,1.0456435680389404,-3.3347806050700695,0.15467797746177964,-0.29645878773266787
0.27,-0.39001718163490295,0.01970725506544113,0.13187891244888306,-0.07462817430496216,0.8067062497138977,0.1567622721195221,0.561751663684845,1.0489368438720703,-3.3347806050700695,0.15467797746177964,-0.29645878773266787
0.28,-0.3993806540966034,0.02002876251935959,0.13876202702522278,-0.07182259857654572,0.8119069933891296,0.15118302404880524,0.5579147934913635,1.0517431497573853,-3.3347806050700695,0.15467797746177964,-0.29645878773266787
0.29,-0.40916624665260315,0.019571959972381592,0.14718066155910492,-0.06918399035930634,0.816605269908905,0.14596275985240936,0.5528973937034607,1.0521106719970703,-3.3347806050700695,0.15467797746177964,-0.29645878773266787
0.3,-0.420547753572464,0.018972784280776978,0.15592838823795319,-0.06730128824710846,0.82282954454422,0.14107270538806915,0.547208309173584,1.0531255006790161,-3.3347806050700695,0.15467797746177964,-0.29645878773266787
0.31,-0.4320003092288971,0.018160182982683182,0.1646154224872589,-0.06560066342353821,0.8288586139678955,0.13695062696933746,0.5415036678314209,1.0545942783355713,-3.3347806050700695,0.15467797746177964,-0.29645878773266787
0.32,-0.4443286955356598,0.017833061516284943,0.17497187852859497,-0.06298565864562988,0.8336306214332581,0.13391555845737457,0.5347734093666077,1.053865671157837,-3.3347806050700695,0.15467797746177964,-0.29645878773266787
0.33,-0.4582711160182953,0.017196260392665863,0.18772080540657043,-0.058920588344335556,0.8378611207008362,0.13020244240760803,0.5258370041847229,1.0499844551086426,-3.3347806050700695,0.15467797746177964,-0.29645878773266787
0.34,-0.474688321352005,0.015850529074668884,0.20154133439064026,-0.055219750851392746,0.8438695669174194,0.12468068301677704,0.5157832503318787,1.0462806224822998,-3.3347806050700695,0.15467797746177964,-0.29645878773266787
0.35000000000000003,-0.4922989308834076,0.014060813933610916,0.2160995900630951,-0.05163436755537987,0.8495963215827942,0.1197662204504013,0.5058887004852295,1.0432751178741455,-3.3347806050700695,0.15467797746177964,-0.29645878773266787
0.36,-0.5143486261367798,0.013232007622718811,0.23341134190559387,-0.049440812319517136,0.855963408946991,0.1182660236954689,0.4943070113658905,1.0411878824234009,-3.3347806050700695,0.15467797746177964,-0.29645878773266787
0.37,-0.5377398133277893,0.012051336467266083,0.2514742612838745,-0.047957684844732285,0.8624798059463501,0.11892925947904587,0.4807536005973816,1.0369305610656738,-3.3347806050700695,0.15467797746177964,-0.29645878773266787
0.38,-0.5627195239067078,0.010546356439590454,0.27172568440437317,-0.044479850679636,0.8691166639328003,0.11933376640081406,0.4660272002220154,1.034876823425293,-3.3347806050700695,0.15467797746177964,-0.29645878773266787
0.39,-0.5887268781661987,0.008421644568443298,0.29268786311149597,-0.04228243604302406,0.875526487827301,0.11979155987501144,0.4509320557117462,1.0337433815002441,-3.3347806050700695,0.15467797746177964,-0.29645878773266787
0.4,-0.6153412461280823,0.007148783653974533,0.3141559958457947,-0.04085636883974075,0.8814305663108826,0.1238195151090622,0.4373060166835785,1.0330138206481934,-3.3347806050700695,0.15467797746177964,-0.29645878773266787
0.41000000000000003,-0.6389577984809875,0.006695587188005447,0.33506983518600464,-0.04239166900515556,0.8864461779594421,0.12907682359218597,0.42346784472465515,1.0311698913574219,-3.3347806050700695,0.15467797746177964,-0.29645878773266787
0.42,-0.6591907739639282,0.005970850586891174,0.35233771800994873,-0.04224526509642601,0.8921718001365662,0.1369989663362503,0.41010794043540955,1.0262662172317505,-3.3347806050700695,0.15467797746177964,-0.29645878773266787
0.43,-0.6784812808036804,0.007363229990005493,0.368027925491333,-0.04232586547732353,0.8988890051841736,0.14198718965053558,0.3996511995792389,1.026075839996338,-3.3347806050700695,0.15467797746177964,-0.29645878773266787
0.44,-0.6958593726158142,0.0069745853543281555,0.38317370414733887,-0.04255698248744011,0.9041268825531006,0.1451958268880844,0.3890763223171234,1.0225822925567627,-3.3347806050700695,0.15467797746177964,-0.29645878773266787
0.45,-0.7157061696052551,0.006415866315364838,0.39873701333999634,-0.04209917411208153,0.9080128073692322,0.15006935596466064,0.37751439213752747,1.0188100337982178,-3.3347806050700695,0.15467797746177964,-0.29645878773266787
0.46,-0.7375850677490234,0.006715014576911926,0.4156687259674072,-0.04185633733868599,0.9110133051872253,0.1598576158285141,0.36520352959632874,1.0188000202178955,-3.3347806050700695,0.15467797746177964,-0.29645878773266787
0.47000000000000003,-0.7587480545043945,0.010170813649892807,0.4328450858592987,-0.03929359093308449,0.9165225028991699,0.17156875133514404,0.35534897446632385,1.0211352109909058,-3.3347806050700695,0.15467797746177964,-0.29645878773266787
0.48,-0.7763073444366455,0.014013312757015228,0.4459614157676697,-0.03689216077327728,0.921578586101532,0.17828986048698425,0.3478170335292816,1.025028944015503,-3.3347806050700695,0.15467797746177964,-0.29645878773266787
0.49,-0.7896393537521362,0.016535509377717972,0.4573456346988678,-0.03494463488459587,0.9248462319374084,0.18205274641513824,0.341401070356369,1.0260812044143677,-3.3347806050700695,0.15467797746177964,-0.29645878773266787
0.0,-0.3810797929763794,-0.15548032522201538,0.041305385529994965,-0.1460065096616745,0.8471806049346924,0.0998152643442154,0.633378267288208,0.2122759371995926,-1.9642954126308634,-0.2907998341554313,-0.33263416708786564
0.01,-0.2216637134552002,-0.03333002328872681,-0.03549402952194214,-0.25156962871551514,0.6594310402870178,0.17339538037776947,0.6857810020446777,1.0714726448059082,-1.9642954126308634,-0.2907998341554313,-0.33263416708786564
0.02,-0.16862240433692932,-0.04218512773513794,0.10328356921672821,-0.2120358645915985,0.5161715149879456,0.36526358127593994,0.6838443875312805,0.793376624584198,-1.9642954126308634,-0.2907998341554313,-0.33263416708786564
0.03,-0.3035804331302643,-0.04194832593202591,0.07107071578502655,-0.29448202252388,0.6476592421531677,0.35773706436157227,0.5779605507850647,0.8399251699447632,-1.9642954126308634,-0.2907998341554313,-0.33263416708786564
0.04,-0.22891870141029358,-0.02465256303548813,0.05287424474954605,-0.2535840570926666,0.6209560036659241,0.373360276222229,0.6357152462005615,0.9037184715270996,-1.9642954126308634,-0.2907998341554313,-0.33263416708786564
0.05,-0.26470398902893066,-0.029000721871852875,0.09205716848373413,-0.253833144903183,0.6091328263282776,0.34767699241638184,0.624474287033081,0.8854759335517883,-1.9642954126308634,-0.2907998341554313,-0.33263416708786564
0.06,-0.2625732719898224,-0.03314562886953354,0.0731196403503418,-0.25327011942863464,0.6222854852676392,0.3490993082523346,0.6076812148094177,0.8730960488319397,-1.9642954126308634,-0.2907998341554313,-0.33263416708786564
0.07,-0.2790340185165405,-0.026292234659194946,0.09163235127925873,-0.2439715713262558,0.6259416341781616,0.346094012260437,0.6111170053482056,0.8927551507949829,-1.9642954126308634,-0.2907998341554313,-0.33263416708786564
0.08,-0.2780379056930542,-0.029140014201402664,0.08508706092834473,-0.24276934564113617,0.6325822472572327,0.3358685374259949,0.6077438592910767,0.8887791633605957,-1.9642954126308634,-0.2907998341554313,-0.33263416708786564
0.09,-0.28910067677497864,-0.026716366410255432,0.09746521711349487,-0.23577333986759186,0.631586492061615,0.33298343420028687,0.6049289703369141,0.8911204934120178,-1.9642954126308634,-0.2907998341554313,-0.33263416708786564
0.1,-0.29764601588249207,-0.027493126690387726,0.09828445315361023,-0.23391132056713104,0.6417214274406433,0.32706964015960693,0.5998307466506958,0.8922211527824402,-1.9642954126308634,-0.2907998341554313,-0.33263416708786564
0.11,-0.3038949966430664,-0.0249154232442379,0.10398512333631516,-0.22897697985172272,0.6447784304618835,0.3227263391017914,0.5997527837753296,0.8967692255973816,-1.9642954126308634,-0.2907998341554313,-0.33263416708786564
0.12,-0.31136173009872437,-0.025329958647489548,0.10827549546957016,-0.22554327547550201,0.6494515538215637,0.3160055875778198,0.5960252285003662,0.8962984681129456,-1.9642954126308634,-0.2907998341554313,-0.33263416708786564
0.13,-0.3200920522212982,-0.024032019078731537,0.11374766379594803,-0.22168020904064178,0.6545059084892273,0.3117939829826355,0.5929841995239258,0.898528516292572,-1.9642954126308634,-0.2907998341554313,-0.33263416708786564
0.14,-0.32720133662223816,-0.02321336790919304,0.11773145943880081,-0.2183135598897934,0.6596967577934265,0.3065049946308136,0.5899096727371216,0.9007279872894287,-1.9642954126308634,-0.2907998341554313,-0.33263416708786564
0.15,-0.3353365361690521,-0.022187620401382446,0.12310106307268143,-0.21454639732837677,0.6642768979072571,0.30150043964385986,0.587104082107544,0.9029936790466309,-1.9642954126308634,-0.2907998341554313,-0.33263416708786564
0.16,-0.34293755888938904,-0.021414771676063538,0.12775427103042603,-0.21060432493686676,0.669215738773346,0.2960974872112274,0.5844025611877441,0.9049548506736755,-1.9642954126308634,-0.2907998341554313,-0.33263416708786564
0.17,-0.35061633586883545,-0.02020285651087761,0.13274845480918884,-0.20629934966564178,0.6740700006484985,0.29098185896873474,0.5820726156234741,0.9072144627571106,-1.9642954126308634,-0.2907998341554313,-0.33263416708786564
0.18,-0.35893598198890686,-0.019654951989650726,0.1380053609609604,-0.20208056271076202,0.6789735555648804,0.28548920154571533,0.5791584849357605,0.909048855304718,-1.9642954126308634,-0.2907998341554313,-0.33263416708786564
0.19,-0.36809155344963074,-0.01864984631538391,0.14476454257965088,-0.19748547673225403,0.683460533618927,0.2812354564666748,0.5756205320358276,0.9095703959465027,-1.9642954126308634,-0.2907998341554313,-0.33263416708786564
0.2,-0.3782773017883301,-0.01802206039428711,0.15170228481292725,-0.1929430216550827,0.688424825668335,0.27679193019866943,0.5708231329917908,0.9094337821006775,-1.9642954126308634,-0.2907998341554313,-0.33263416708786564
0.21,-0.38878133893013,-0.017161063849925995,0.1588098406791687,-0.18830792605876923,0.6936501860618591,0.2726942300796509,0.5660319924354553,0.9098953604698181,-1.9642954126308634,-0.2907998341554313,-0.33263416708786564
0.22,-0.3989100158214569,-0.016357246786355972,0.1657264530658722,-0.1836952120065689,0.6988393068313599,0.2683805525302887,0.5612945556640625,0.910237729549408,-1.9642954126308634,-0.2907998341554313,-0.33263416708786564
0.23,-0.4089581370353699,-0.015646319836378098,0.17285147309303284,-0.17907430231571198,0.7036385536193848,0.26405441761016846,0.5566296577453613,0.9096632599830627,-1.9642954126308634,-0.2907998341554313,-0.33263416708786564
0.24,-0.4190707504749298,-0.015414901077747345,0.17997649312019348,-0.17427454888820648,0.7080724835395813,0.25977176427841187,0.5514920353889465,0.9080385565757751,-1.9642954126308634,-0.2907998341554313,-0.33263416708786564
0.25,-0.4299251437187195,-0.014921139925718307,0.18758314847946167,-0.16934193670749664,0.7128486037254333,0.25565072894096375,0.546196699142456,0.9071322083473206,-1.9642954126308634,-0.2907998341554313,-0.33263416708786564
0.26,-0.44008544087409973,-0.014571279287338257,0.19534146785736084,-0.1638428121805191,0.7170677781105042,0.25028419494628906,0.5409389734268188,0.9067863821983337,-1.9642954126308634,-0.2907998341554313,-0.33263416708786564
0.27,-0.4506995975971222,-0.01429230347275734,0.20153900980949402,-0.15843313932418823,0.7206372618675232,0.24471013247966766,0.5351530909538269,0.9062099456787109,-1.9642954126308634,-0.2907998341554313,-0.33263416708786564
0.28,-0.4615918695926666,-0.013473771512508392,0.2076612412929535,-0.15256573259830475,0.7241306900978088,0.2394341677427292,0.5291215777397156,0.9065198302268982,-1.9642954126308634,-0.2907998341554313,-0.33263416708786564
0.29,-0.4720899760723114,-0.012447517365217209,0.21380874514579773,-0.14632821083068848,0.7279171943664551,0.23397745192050934,0.5230570435523987,0.9070164561271667,-1.9642954126308634,-0.2907998341554313,-0.33263416708786564
0.3,-0.4825410544872284,-0.01170562207698822,0.2198624312877655,-0.1400354653596878,0.7314286828041077,0.22817575931549072,0.5170047879219055,0.9073944687843323,-1.9642954126308634,-0.2907998341554313,-0.33263416708786564
0.31,-0.493400514125824,-0.011444665491580963,0.22654810547828674,-0.1334652602672577,0.7341795563697815,0.22305940091609955,0.510631799697876,0.9066864848136902,-1.9642954126308634,-0.2907998341554313,-0.33263416708786564
0.32,-0.5059671998023987,-0.011176016181707382,0.234840989112854,-0.1270655244588852,0.7379141449928284,0.2184150069952011,0.5036483407020569,0.9060190320014954,-1.9642954126308634,-0.2907998341554313,-0.33263416708786564
0.33,-0.517854630947113,-0.010983288288116455,0.24240702390670776,-0.12144681811332703,0.7414335012435913,0.214208722114563,0.4958640933036804,0.9048642516136169,-1.9642954126308634,-0.2907998341554313,-0.33263416708786564
0.34,-0.5308918356895447,-0.011021170765161514,0.2506452798843384,-0.11688339710235596,0.7459522485733032,0.21035288274288177,0.4877786338329315,0.9050226807594299,-1.9642954126308634,-0.2907998341554313,-0.33263416708786564
0.35000000000000003,-0.5446522831916809,-0.010219879448413849,0.2598854899406433,-0.11245487630367279,0.7520158886909485,0.2072272002696991,0.47965413331985474,0.9057896733283997,-1.9642954126308634,-0.2907998341554313,-0.33263416708786564
0.36,-0.5570504069328308,-0.010041818022727966,0.26820167899131775,-0.10748161375522614,0.7577560544013977,0.20310340821743011,0.47192439436912537,0.9064531326293945,-1.9642954126308634,-0.2907998341554313,-0.33263416708786564
0.37,-0.5684525370597839,-0.010267190635204315,0.27591922879219055,-0.10251760482788086,0.7623691558837891,0.19947485625743866,0.46512773633003235,0.908108115196228,-1.9642954126308634,-0.2907998341554313,-0.33263416708786564
0.38,-0.5790635347366333,-0.009836055338382721,0.2829051613807678,-0.09783525764942169,0.7676869630813599,0.19637490808963776,0.4597896635532379,0.9101242423057556,-1.9642954126308634,-0.2907998341554313,-0.33263416708786564
0.39,-0.5884683132171631,-0.009420331567525864,0.288723349571228,-0.09365393221378326,0.7723207473754883,0.19248084723949432,0.4544801115989685,0.9113608598709106,-1.9642954126308634,-0.2907998341554313,-0.33263416708786564
0.4,-0.5976439714431763,-0.008722111582756042,0.2939954996109009,-0.0897076278924942,0.77675461769104,0.18868857622146606,0.44944125413894653,0.9125393033027649,-1.9642954126308634,-0.2907998341554313,-0.33263416708786564
0.41000000000000003,-0.6066536903381348,-0.008207671344280243,0.2986109256744385,-0.08588255941867828,0.7805048227310181,0.1851925402879715,0.4440152049064636,0.9135360717773438,-1.9642954126308634,-0.2907998341554313,-0.33263416708786564
0.42,-0.6165236234664917,-0.007690887898206711,0.30373209714889526,-0.08141019940376282,0.785342812538147,0.18223977088928223,0.43914222717285156,0.9150575995445251,-1.9642954126308634,-0.2907998341554313,-0.33263416708786564
0.43,-0.6262912154197693,-0.006937798112630844,0.30855387449264526,-0.07705210149288177,0.7904322743415833,0.17902787029743195,0.43458619713783264,0.9166987538337708,-1.9642954126308634,-0.2907998341554313,-0.33263416708786564
0.44,-0.6346046924591064,-0.00625450536608696,0.31151843070983887,-0.07386070489883423,0.7956662178039551,0.1754540503025055,0.43064960837364197,0.9173644781112671,-1.9642954126308634,-0.2907998341554313,-0.33263416708786564
0.45,-0.6415714025497437,-0.00525403767824173,0.3143922984600067,-0.07039909064769745,0.7999505996704102,0.1717163771390915,0.42792174220085144,0.9179087281227112,-1.9642954126308634,-0.2907998341554313,-0.33263416708786564
0.46,-0.6471015214920044,-0.005164913833141327,0.3173656165599823,-0.06819179654121399,0.8036509156227112,0.1677052229642868,0.4256367087364197,0.9181777238845825,-1.9642954126308634,-0.2907998341554313,-0.33263416708786564
0.47000000000000003,-0.6520764231681824,-0.005125477910041809,0.3199004530906677,-0.06637831032276154,0.8075835108757019,0.1643223762512207,0.4247628450393677,0.9190509915351868,-1.9642954126308634,-0.2907998341554313,-0.33263416708786564
0.48,-0.655789852142334,-0.004706103354692459,0.3219779431819916,-0.06462967395782471,0.8107802271842957,0.16089807450771332,0.4247366786003113,0.9198564887046814,-1.9642954126308634,-0.2907998341554313,-0.33263416708786564
0.49,-0.6588343381881714,-0.004387577995657921,0.3238503634929657,-0.062861368060112,0.813601553440094,0.15718582272529602,0.42480096220970154,0.9205227494239807,-1.9642954126308634,-0.2907998341554313,-0.33263416708786564
0.0,-0.10505285114049911,0.020265303552150726,-0.08848372846841812,0.010196249932050705,0.8874648213386536,0.030758200213313103,0.7906521558761597,-0.020418617874383926,-3.3145791724893825,0.16070037625712788,-0.2843813563044247
0.01,-0.03307344391942024,-0.11873003095388412,0.22229138016700745,-0.04038436338305473,0.6807942986488342,-0.23047025501728058,0.5992358326911926,0.05263673886656761,-3.3145791724893825,0.16070037625712788,-0.2843813563044247
0.02,-0.20805227756500244,-0.10162302106618881,-0.07530234009027481,0.04758600518107414,0.8215107321739197,-0.1919526904821396,0.6645225286483765,0.40143531560897827,-3.3145791724893825,0.16070037625712788,-0.2843813563044247
0.03,-0.16167330741882324,-0.01609009876847267,-0.10383515805006027,-0.023983661085367203,0.7871508002281189,-0.15622828900814056,0.7702814340591431,1.1111419200897217,-3.3145791724893825,0.16070037625712788,-0.2843813563044247
0.04,-0.11951024830341339,-0.0035568848252296448,0.0014556162059307098,-0.0007522404193878174,0.571007490158081,0.0883912593126297,0.7311199903488159,1.039678931236267,-3.3145791724893825,0.16070037625712788,-0.2843813563044247
0.05,-0.21595224738121033,0.02426142245531082,-0.01795032247900963,-0.1414860337972641,0.72429358959198,0.17418618500232697,0.639245867729187,0.9527554512023926,-3.3145791724893825,0.16070037625712788,-0.2843813563044247
0.06,-0.17755192518234253,-0.017492476850748062,-0.025282807648181915,-0.13009649515151978,0.6782821416854858,0.21076439321041107,0.6537313461303711,1.008745789527893,-3.3145791724893825,0.16070037625712788,-0.2843813563044247
0.07,-0.23235702514648438,0.045847393572330475,0.02760065346956253,-0.1474204957485199,0.7155601382255554,0.2739681601524353,0.6568640470504761,1.0038849115371704,-3.3145791724893825,0.16070037625712788,-0.2843813563044247
0.08,-0.19787490367889404,0.003238491714000702,0.0012700073421001434,-0.13838666677474976,0.6937230825424194,0.23968155682086945,0.6302416920661926,0.9737067818641663,-3.3145791724893825,0.16070037625712788,-0.2843813563044247
0.09,-0.23661115765571594,0.02694513648748398,0.02760353311896324,-0.13569451868534088,0.7154234051704407,0.25417351722717285,0.6361855864524841,0.9944490194320679,-3.3145791724893825,0.16070037625712788,-0.2843813563044247
0.1,-0.22503826022148132,0.013021722435951233,0.019512716680765152,-0.13206981122493744,0.7115599513053894,0.23888073861598969,0.6256308555603027,0.9900217652320862,-3.3145791724893825,0.16070037625712788,-0.2843813563044247
0.11,-0.245193213224411,0.021401889622211456,0.03544159606099129,-0.1260613054037094,0.7184524536132812,0.241539865732193,0.6256799697875977,0.9967383742332458,-3.3145791724893825,0.16070037625712788,-0.2843813563044247
0.12,-0.24647295475006104,0.017134100198745728,0.03385677933692932,-0.12419423460960388,0.7228590846061707,0.23233219981193542,0.617989182472229,0.9958961009979248,-3.3145791724893825,0.16070037625712788,-0.2843813563044247
0.13,-0.25847798585891724,0.01892678439617157,0.04384475573897362,-0.11770053207874298,0.7269284129142761,0.22832055389881134,0.6166326999664307,1.000881552696228,-3.3145791724893825,0.16070037625712788,-0.2843813563044247
0.14,-0.26533955335617065,0.01860538125038147,0.04666953533887863,-0.11535008251667023,0.7332431077957153,0.22149677574634552,0.6115835309028625,1.003038763999939,-3.3145791724893825,0.16070037625712788,-0.2843813563044247
0.15,-0.27390024065971375,0.01817895472049713,0.05363444238901138,-0.10985545814037323,0.7366763949394226,0.21554164588451385,0.6087939143180847,1.0065888166427612,-3.3145791724893825,0.16070037625712788,-0.2843813563044247
0.16,-0.2834758758544922,0.019079536199569702,0.05910772085189819,-0.1071900874376297,0.7432906627655029,0.20957458019256592,0.6047787666320801,1.0100220441818237,-3.3145791724893825,0.16070037625712788,-0.2843813563044247
0.17,-0.2916674315929413,0.01831621676683426,0.06508462131023407,-0.1026722639799118,0.7469349503517151,0.20340053737163544,0.6005634069442749,1.0125596523284912,-3.3145791724893825,0.16070037625712788,-0.2843813563044247
0.18,-0.30247247219085693,0.019289925694465637,0.07190261781215668,-0.0993068516254425,0.7533581852912903,0.19799970090389252,0.5957772731781006,1.0151563882827759,-3.3145791724893825,0.16070037625712788,-0.2843813563044247
0.19,-0.3107220232486725,0.018400918692350388,0.07740302383899689,-0.09529575705528259,0.758114755153656,0.19158542156219482,0.5910910964012146,1.01759934425354,-3.3145791724893825,0.16070037625712788,-0.2843813563044247
0.2,-0.3213528096675873,0.019272230565547943,0.08432137966156006,-0.09166626632213593,0.7641138434410095,0.18615229427814484,0.5868349075317383,1.0209096670150757,-3.3145791724893825,0.16070037625712788,-0.2843813563044247
0.21,-0.3303241431713104,0.018576420843601227,0.09024105221033096,-0.08811503648757935,0.7692503929138184,0.18023915588855743,0.5819013714790344,1.0237046480178833,-3.3145791724893825,0.16070037625712788,-0.2843813563044247
0.22,-0.3409101366996765,0.01926252990961075,0.09716439247131348,-0.08464471995830536,0.7752586007118225,0.17533859610557556,0.5774804353713989,1.0273902416229248,-3.3145791724893825,0.16070037625712788,-0.2843813563044247
0.23,-0.3501197397708893,0.018974468111991882,0.10339006036520004,-0.0812092274427414,0.7805807590484619,0.16992563009262085,0.5727506279945374,1.0302348136901855,-3.3145791724893825,0.16070037625712788,-0.2843813563044247
0.24,-0.3609607517719269,0.019554924219846725,0.11058485507965088,-0.07792259752750397,0.786432683467865,0.16446585953235626,0.5685110092163086,1.0341770648956299,-3.3145791724893825,0.16070037625712788,-0.2843813563044247
0.25,-0.3706735074520111,0.019558973610401154,0.1175636500120163,-0.07477213442325592,0.7919338345527649,0.15898433327674866,0.5641292333602905,1.037508249282837,-3.3145791724893825,0.16070037625712788,-0.2843813563044247
0.26,-0.3810179829597473,0.020205378532409668,0.12536048889160156,-0.07194732129573822,0.7978554368019104,0.1538105607032776,0.5601755976676941,1.0410845279693604,-3.3145791724893825,0.16070037625712788,-0.2843813563044247
0.27,-0.3899112641811371,0.02033963054418564,0.13241800665855408,-0.0693713128566742,0.8029816746711731,0.14808999001979828,0.5559141039848328,1.0434073209762573,-3.3145791724893825,0.16070037625712788,-0.2843813563044247
0.28,-0.3992184102535248,0.020313028246164322,0.13983012735843658,-0.06649413704872131,0.8078959584236145,0.1425212174654007,0.5513746738433838,1.044952630996704,-3.3145791724893825,0.16070037625712788,-0.2843813563044247
0.29,-0.4098445773124695,0.01960117369890213,0.148375004529953,-0.06415940821170807,0.8131275177001953,0.1372515708208084,0.5458378791809082,1.0449926853179932,-3.3145791724893825,0.16070037625712788,-0.2843813563044247
0.3,-0.42154601216316223,0.01906450092792511,0.15721863508224487,-0.06271578371524811,0.8199885487556458,0.13270539045333862,0.5401861667633057,1.0467541217803955,-3.3145791724893825,0.16070037625712788,-0.2843813563044247
0.31,-0.4326951205730438,0.018062733113765717,0.16600123047828674,-0.0607934333384037,0.8253273367881775,0.12929092347621918,0.5344797372817993,1.0475410223007202,-3.3145791724893825,0.16070037625712788,-0.2843813563044247
0.32,-0.44630393385887146,0.018335837870836258,0.17826607823371887,-0.05715365335345268,0.8296410441398621,0.12650755047798157,0.5269391536712646,1.045228362083435,-3.3145791724893825,0.16070037625712788,-0.2843813563044247
0.33,-0.4613168239593506,0.01680336520075798,0.19139790534973145,-0.05325010046362877,0.8348323106765747,0.12111622840166092,0.5168298482894897,1.0408926010131836,-3.3145791724893825,0.16070037625712788,-0.2843813563044247
0.34,-0.4783746302127838,0.015595510601997375,0.20552539825439453,-0.0495593436062336,0.8408675193786621,0.11541369557380676,0.5069517493247986,1.0373752117156982,-3.3145791724893825,0.16070037625712788,-0.2843813563044247
0.35000000000000003,-0.49804800748825073,0.013251520693302155,0.22088974714279175,-0.04773282632231712,0.8468102812767029,0.1118907481431961,0.4963299334049225,1.0342339277267456,-3.3145791724893825,0.16070037625712788,-0.2843813563044247
0.36,-0.5211434364318848,0.013034738600254059,0.23870328068733215,-0.04596483334898949,0.8528821468353271,0.11331023275852203,0.48349201679229736,1.0303843021392822,-3.3145791724893825,0.16070037625712788,-0.2843813563044247
0.37,-0.5457376837730408,0.011310338973999023,0.25803342461586,-0.043344635516405106,0.8601675629615784,0.1137438416481018,0.46837249398231506,1.0267441272735596,-3.3145791724893825,0.16070037625712788,-0.2843813563044247
0.38,-0.5712857246398926,0.009712249040603638,0.2791181802749634,-0.03990497812628746,0.8663015365600586,0.11412189155817032,0.45354849100112915,1.0259760618209839,-3.3145791724893825,0.16070037625712788,-0.2843813563044247
0.39,-0.5976263284683228,0.0076480284333229065,0.3002345561981201,-0.038806360214948654,0.8723874688148499,0.11705566942691803,0.43941381573677063,1.0250128507614136,-3.3145791724893825,0.16070037625712788,-0.2843813563044247
0.4,-0.6227632761001587,0.007100775837898254,0.3222838044166565,-0.03936005383729935,0.8774816393852234,0.12221091240644455,0.425452321767807,1.0241893529891968,-3.3145791724893825,0.16070037625712788,-0.2843813563044247
0.41000000000000003,-0.6440401673316956,0.0061646923422813416,0.34131401777267456,-0.04005451872944832,0.88260817527771,0.12922458350658417,0.41180869936943054,1.0199004411697388,-3.3145791724893825,0.16070037625712788,-0.2843813563044247
0.42,-0.6644723415374756,0.007181175053119659,0.35783278942108154,-0.0402301587164402,0.8893384337425232,0.1361493021249771,0.399637371301651,1.0182799100875854,-3.3145791724893825,0.16070037625712788,-0.2843813563044247
0.43,-0.6819857358932495,0.007660653442144394,0.3725762963294983,-0.04029485210776329,0.8953121900558472,0.13983052968978882,0.389154314994812,1.0164498090744019,-3.3145791724893825,0.16070037625712788,-0.2843813563044247
0.44,-0.7006058692932129,0.007005088031291962,0.38855618238449097,-0.040440913289785385,0.900058388710022,0.14303305745124817,0.37848997116088867,1.013129711151123,-3.3145791724893825,0.16070037625712788,-0.2843813563044247
0.45,-0.7216931581497192,0.006343398243188858,0.40450748801231384,-0.04083968698978424,0.9031603932380676,0.15050803124904633,0.36561331152915955,1.00969660282135,-3.3145791724893825,0.16070037625712788,-0.2843813563044247
0.46,-0.7435444593429565,0.008278902620077133,0.42203375697135925,-0.039094213396310806,0.9072150588035583,0.16239158809185028,0.3542022705078125,1.0111737251281738,-3.3145791724893825,0.16070037625712788,-0.2843813563044247
0.47000000000000003,-0.7635806202888489,0.012689147144556046,0.43762338161468506,-0.036267753690481186,0.9131880402565002,0.17202933132648468,0.34596386551856995,1.0149962902069092,-3.3145791724893825,0.16070037625712788,-0.2843813563044247
0.48,-0.7791503667831421,0.015871908515691757,0.44998103380203247,-0.034092921763658524,0.9171490669250488,0.17662428319454193,0.33852994441986084,1.0173529386520386,-3.3145791724893825,0.16070037625712788,-0.2843813563044247
0.49,-0.7919217348098755,0.01771305501461029,0.46170973777770996,-0.03273634612560272,0.9193724989891052,0.18040452897548676,0.3323679566383362,1.0189015865325928,-3.3145791724893825,0.16070037625712788,-0.2843813563044247
0.0,-0.29598304629325867,-0.03592732548713684,0.017150841653347015,-0.0929897129535675,0.8928242921829224,0.13014498353004456,0.748198390007019,0.022950153797864914,-3.340637983902123,-0.4621010322118695,-0.27926938834099935
0.01,-0.2347411811351776,-0.09681779891252518,0.0522320419549942,-0.2809195816516876,0.6757178902626038,0.08051571249961853,0.6581941843032837,0.31467100977897644,-3.340637983902123,-0.4621010322118695,-0.27926938834099935
0.02,-0.2254633605480194,-0.09372597932815552,-0.07689516991376877,-0.2175694853067398,0.7494035363197327,0.29483121633529663,0.620376467704773,0.8866247534751892,-3.340637983902123,-0.4621010322118695,-0.27926938834099935
0.03,-0.24735546112060547,0.03572448343038559,0.05029861256480217,-0.2851654589176178,0.6977292895317078,0.43484652042388916,0.7162537574768066,1.0507724285125732,-3.340637983902123,-0.4621010322118695,-0.27926938834099935
0.04,-0.21332842111587524,-0.044294506311416626,0.048885997384786606,-0.300851434469223,0.6378633379936218,0.41584107279777527,0.6029229164123535,0.854439377784729,-3.340637983902123,-0.4621010322118695,-0.27926938834099935
0.05,-0.2796246409416199,-0.005845174193382263,0.06559021770954132,-0.2806454598903656,0.7216675281524658,0.4541394114494324,0.6119312047958374,0.8983452916145325,-3.340637983902123,-0.4621010322118695,-0.27926938834099935
0.06,-0.25941139459609985,-0.008449897170066833,0.052283309400081635,-0.2844058573246002,0.7037091851234436,0.40918630361557007,0.6199733018875122,0.939473569393158,-3.340637983902123,-0.4621010322118695,-0.27926938834099935
0.07,-0.2666509747505188,-0.02014235034584999,0.0688098818063736,-0.2699691951274872,0.6877942681312561,0.41619089245796204,0.6084710359573364,0.9066101908683777,-3.340637983902123,-0.4621010322118695,-0.27926938834099935
0.08,-0.2882142961025238,-0.01163625717163086,0.07277677953243256,-0.27246859669685364,0.717075765132904,0.419584721326828,0.6045894622802734,0.9205086827278137,-3.340637983902123,-0.4621010322118695,-0.27926938834099935
0.09,-0.28755584359169006,-0.011415451765060425,0.07774455845355988,-0.2637978494167328,0.7094034552574158,0.40774717926979065,0.6037634611129761,0.9313949346542358,-3.340637983902123,-0.4621010322118695,-0.27926938834099935
0.1,-0.2980870008468628,-0.014977507293224335,0.08435550332069397,-0.2589063346385956,0.7139430046081543,0.4047510623931885,0.596583366394043,0.9258625507354736,-3.340637983902123,-0.4621010322118695,-0.27926938834099935
0.11,-0.30955564975738525,-0.011708773672580719,0.09129555523395538,-0.2545793652534485,0.7232083082199097,0.40253594517707825,0.5951168537139893,0.9368280172348022,-3.340637983902123,-0.4621010322118695,-0.27926938834099935
0.12,-0.3162877559661865,-0.012549709528684616,0.09705760329961777,-0.2492605298757553,0.7246211171150208,0.39591383934020996,0.5909143686294556,0.9416179656982422,-3.340637983902123,-0.4621010322118695,-0.27926938834099935
0.13,-0.3272450268268585,-0.012930408120155334,0.10439486056566238,-0.2441246062517166,0.7304213047027588,0.3927508592605591,0.5867283940315247,0.9456019401550293,-3.340637983902123,-0.4621010322118695,-0.27926938834099935
0.14,-0.338907390832901,-0.011507801711559296,0.11369827389717102,-0.23872815072536469,0.7355878949165344,0.3891567885875702,0.5823038816452026,0.9509647488594055,-3.340637983902123,-0.4621010322118695,-0.27926938834099935
0.15,-0.35014966130256653,-0.01174219697713852,0.12241288274526596,-0.23279209434986115,0.7399553060531616,0.38411062955856323,0.576102614402771,0.9541245102882385,-3.340637983902123,-0.4621010322118695,-0.27926938834099935
0.16,-0.362816721200943,-0.011288799345493317,0.13167881965637207,-0.22689364850521088,0.7458582520484924,0.3799409866333008,0.5705441832542419,0.9587871432304382,-3.340637983902123,-0.4621010322118695,-0.27926938834099935
0.17,-0.3748219907283783,-0.010584056377410889,0.14045563340187073,-0.22136420011520386,0.7508905529975891,0.3753129541873932,0.564795732498169,0.963588535785675,-3.340637983902123,-0.4621010322118695,-0.27926938834099935
0.18,-0.38666000962257385,-0.010378357023000717,0.14931270480155945,-0.21552444994449615,0.755707859992981,0.3706841766834259,0.5588732361793518,0.9672753214836121,-3.340637983902123,-0.4621010322118695,-0.27926938834099935
0.19,-0.399105042219162,-0.009641855955123901,0.15838971734046936,-0.20998342335224152,0.7610801458358765,0.3660752475261688,0.5532953143119812,0.971021831035614,-3.340637983902123,-0.4621010322118695,-0.27926938834099935
0.2,-0.41104069352149963,-0.009224839508533478,0.16728010773658752,-0.20425495505332947,0.7659428715705872,0.36118048429489136,0.5474377870559692,0.9743992686271667,-3.340637983902123,-0.4621010322118695,-0.27926938834099935
0.21,-0.4233205020427704,-0.008730083703994751,0.17624855041503906,-0.19855192303657532,0.7711937427520752,0.3564475178718567,0.5416879653930664,0.9778822064399719,-3.340637983902123,-0.4621010322118695,-0.27926938834099935
0.22,-0.435442715883255,-0.008192166686058044,0.18516847491264343,-0.19290758669376373,0.7761800289154053,0.35163164138793945,0.5359728336334229,0.9815484881401062,-3.340637983902123,-0.4621010322118695,-0.27926938834099935
0.23,-0.44701749086380005,-0.007811255753040314,0.19379478693008423,-0.18757452070713043,0.7805379033088684,0.3470833897590637,0.530359148979187,0.9853502511978149,-3.340637983902123,-0.4621010322118695,-0.27926938834099935
0.24,-0.4589778482913971,-0.007113099098205566,0.20306700468063354,-0.18203629553318024,0.7855252027511597,0.34307554364204407,0.5248764753341675,0.9889758825302124,-3.340637983902123,-0.4621010322118695,-0.27926938834099935
0.25,-0.4719791114330292,-0.006276935338973999,0.2131665050983429,-0.17616255581378937,0.7913245558738708,0.338081419467926,0.5192508697509766,0.9935372471809387,-3.340637983902123,-0.4621010322118695,-0.27926938834099935
0.26,-0.48457780480384827,-0.005827244371175766,0.22291097044944763,-0.1698819249868393,0.7964994311332703,0.3322247862815857,0.5139068365097046,0.9981986880302429,-3.340637983902123,-0.4621010322118695,-0.27926938834099935
0.27,-0.4985854923725128,-0.0054846033453941345,0.23377421498298645,-0.1638941913843155,0.8022820353507996,0.3258971571922302,0.5092212557792664,1.0028048753738403,-3.340637983902123,-0.4621010322118695,-0.27926938834099935
0.28,-0.511198103427887,-0.005574122071266174,0.244064062833786,-0.1581255942583084,0.8068168759346008,0.31976890563964844,0.5041114687919617,1.0060049295425415,-3.340637983902123,-0.4621010322118695,-0.27926938834099935
0.29,-0.5247946977615356,-0.00536409392952919,0.2548024356365204,-0.1524651050567627,0.812045156955719,0.31404614448547363,0.4988706409931183,1.0089813470840454,-3.340637983902123,-0.4621010322118695,-0.27926938834099935
0.3,-0.538249671459198,-0.0053049251437187195,0.2656937539577484,-0.14721205830574036,0.8170939087867737,0.3083648085594177,0.49313947558403015,1.0111641883850098,-3.340637983902123,-0.4621010322118695,-0.27926938834099935
0.31,-0.551781952381134,-0.005265220999717712,0.2764561176300049,-0.1421973556280136,0.8225590586662292,0.3030555248260498,0.4872843027114868,1.012436866760254,-3.340637983902123,-0.4621010322118695,-0.27926938834099935
0.32,-0.5643588900566101,-0.0049688369035720825,0.2860865890979767,-0.13762353360652924,0.8281126618385315,0.2975079119205475,0.48232805728912354,1.0143303871154785,-3.340637983902123,-0.4621010322118695,-0.27926938834099935
0.33,-0.5760484337806702,-0.005208328366279602,0.2951999306678772,-0.13291220366954803,0.8324387669563293,0.29208192229270935,0.4773681163787842,1.0149390697479248,-3.340637983902123,-0.4621010322118695,-0.27926938834099935
0.34,-0.5891779661178589,-0.005675170570611954,0.3047639727592468,-0.12795798480510712,0.8368685245513916,0.28682053089141846,0.4722517728805542,1.0155562162399292,-3.340637983902123,-0.4621010322118695,-0.27926938834099935
0.35000000000000003,-0.6046271324157715,-0.005455814301967621,0.31513071060180664,-0.12259446084499359,0.8415688872337341,0.2813718616962433,0.4660198390483856,1.0174630880355835,-3.340637983902123,-0.4621010322118695,-0.27926938834099935
0.36,-0.6211754083633423,-0.005353342741727829,0.3264440596103668,-0.11730001866817474,0.8473533987998962,0.2758741080760956,0.4592125713825226,1.0179206132888794,-3.340637983902123,-0.4621010322118695,-0.27926938834099935
0.37,-0.6389968395233154,-0.005312509834766388,0.33857032656669617,-0.11198209226131439,0.8534555435180664,0.2701006233692169,0.4520878195762634,1.0184776782989502,-3.340637983902123,-0.4621010322118695,-0.27926938834099935
0.38,-0.6598042249679565,-0.006385892629623413,0.3522208034992218,-0.10748682916164398,0.8593537211418152,0.2646215856075287,0.4424283504486084,1.017053246498108,-3.340637983902123,-0.4621010322118695,-0.27926938834099935
0.39,-0.6829922199249268,-0.007495366036891937,0.3662657141685486,-0.10244683921337128,0.8661884665489197,0.26068297028541565,0.43112483620643616,1.0152784585952759,-3.340637983902123,-0.4621010322118695,-0.27926938834099935
0.4,-0.7057395577430725,-0.007150538265705109,0.3808934688568115,-0.09834644198417664,0.872247576713562,0.2578505575656891,0.41920170187950134,1.0154656171798706,-3.340637983902123,-0.4621010322118695,-0.27926938834099935
0.41000000000000003,-0.7246996164321899,-0.007022779434919357,0.3920436203479767,-0.0969158411026001,0.8771372437477112,0.2572287619113922,0.40782007575035095,1.0143147706985474,-3.340637983902123,-0.4621010322118695,-0.27926938834099935
0.42,-0.7420401573181152,-0.006170168519020081,0.40326815843582153,-0.09387871623039246,0.8824246525764465,0.25853782892227173,0.3986712396144867,1.0143353939056396,-3.340637983902123,-0.4621010322118695,-0.27926938834099935
0.43,-0.7581956386566162,-0.0058412812650203705,0.4164745807647705,-0.09394344687461853,0.8861311674118042,0.2599046230316162,0.3898801803588867,1.0157508850097656,-3.340637983902123,-0.4621010322118695,-0.27926938834099935
0.44,-0.772059977054596,-0.0052552781999111176,0.42792800068855286,-0.09314687550067902,0.8886374831199646,0.2635424733161926,0.38141292333602905,1.015154480934143,-3.340637983902123,-0.4621010322118695,-0.27926938834099935
0.45,-0.7862546443939209,-0.0037914179265499115,0.43977057933807373,-0.09145800769329071,0.892615020275116,0.26640522480010986,0.37477102875709534,1.016584873199463,-3.340637983902123,-0.4621010322118695,-0.27926938834099935
0.46,-0.7988332509994507,-0.0028564855456352234,0.4503626823425293,-0.08991588652133942,0.8953143954277039,0.26898127794265747,0.3682733178138733,1.0174670219421387,-3.340637983902123,-0.4621010322118695,-0.27926938834099935
0.47000000000000003,-0.8125171065330505,-0.001705951988697052,0.46183472871780396,-0.08810596168041229,0.8989933133125305,0.2719264030456543,0.36247554421424866,1.0192078351974487,-3.340637983902123,-0.4621010322118695,-0.27926938834099935
0.48,-0.8259527683258057,-0.0005460605025291443,0.4729642868041992,-0.08663567900657654,0.902584969997406,0.2749016284942627,0.3564165532588959,1.0207898616790771,-3.340637983902123,-0.4621010322118695,-0.27926938834099935
0.49,-0.8391967415809631,0.0005642026662826538,0.484005868434906,-0.08473959565162659,0.906337320804596,0.2781425416469574,0.35052689909935,1.022422194480896,-3.340637983902123,-0.4621010322118695,-0.27926938834099935
0.0,-0.22535905241966248,-0.020508363842964172,-0.026595763862133026,-0.05041306093335152,0.8745317459106445,0.09217357635498047,0.748950719833374,0.005060020834207535,-3.1945046646362547,-0.17589695747701625,-0.28197833252960647
0.01,-0.11617404967546463,-0.07373538613319397,0.0788915604352951,-0.1987808346748352,0.6380566954612732,-0.0326433889567852,0.6416516304016113,0.13897454738616943,-3.1945046646362547,-0.17589695747701625,-0.28197833252960647
0.02,-0.19444715976715088,-0.13712120056152344,-0.07624810934066772,-0.13401806354522705,0.721343457698822,0.09883731603622437,0.5927518606185913,0.48688843846321106,-3.1945046646362547,-0.17589695747701625,-0.28197833252960647
0.03,-0.2611907720565796,0.039858363568782806,-0.013899095356464386,-0.22772790491580963,0.790065348148346,0.2408478856086731,0.7394036650657654,1.1460902690887451,-3.1945046646362547,-0.17589695747701625,-0.28197833252960647
0.04,-0.14710849523544312,-0.03365061432123184,0.029855690896511078,-0.2123613804578781,0.5860284566879272,0.3307080566883087,0.6566362380981445,0.9342451095581055,-3.1945046646362547,-0.17589695747701625,-0.28197833252960647
0.05,-0.2608974874019623,0.011120453476905823,0.05346252769231796,-0.25700464844703674,0.7041454911231995,0.39903724193573,0.6060378551483154,0.8743495345115662,-3.1945046646362547,-0.17589695747701625,-0.28197833252960647
0.06,-0.22759917378425598,0.0021565482020378113,0.021081341430544853,-0.23741118609905243,0.6919516921043396,0.3565105199813843,0.6171373724937439,0.944553554058075,-3.1945046646362547,-0.17589695747701625,-0.28197833252960647
0.07,-0.24825149774551392,0.0006675049662590027,0.0556924045085907,-0.22827045619487762,0.6854739785194397,0.3659869134426117,0.6175488233566284,0.9274783730506897,-3.1945046646362547,-0.17589695747701625,-0.28197833252960647
0.08,-0.2541193664073944,0.00519716739654541,0.04562171921133995,-0.23602060973644257,0.7031459212303162,0.36267536878585815,0.605938732624054,0.9301096796989441,-3.1945046646362547,-0.17589695747701625,-0.28197833252960647
0.09,-0.26201629638671875,0.003184959292411804,0.05904189869761467,-0.22183553874492645,0.6971936821937561,0.3561497926712036,0.6050592660903931,0.9346234202384949,-3.1945046646362547,-0.17589695747701625,-0.28197833252960647
0.1,-0.271991491317749,0.004642114043235779,0.061387691646814346,-0.22274599969387054,0.7080206274986267,0.3516291081905365,0.5978251695632935,0.9356536269187927,-3.1945046646362547,-0.17589695747701625,-0.28197833252960647
0.11,-0.2796453535556793,0.004391517490148544,0.06825292110443115,-0.21506841480731964,0.7089287638664246,0.3458169102668762,0.5939776301383972,0.9407063722610474,-3.1945046646362547,-0.17589695747701625,-0.28197833252960647
0.12,-0.2893381118774414,0.0046561285853385925,0.07432878017425537,-0.2115056961774826,0.714834988117218,0.34130990505218506,0.5886331796646118,0.9431256055831909,-3.1945046646362547,-0.17589695747701625,-0.28197833252960647
0.13,-0.2983483374118805,0.005191966891288757,0.08038906753063202,-0.20713846385478973,0.7192078232765198,0.3362341523170471,0.5840731859207153,0.9478875994682312,-3.1945046646362547,-0.17589695747701625,-0.28197833252960647
0.14,-0.30700191855430603,0.005517132580280304,0.08674181252717972,-0.20265071094036102,0.7230190634727478,0.33152344822883606,0.5792650580406189,0.9511945843696594,-3.1945046646362547,-0.17589695747701625,-0.28197833252960647
0.15,-0.3158833086490631,0.005952037870883942,0.09307438135147095,-0.19825099408626556,0.7272665500640869,0.3266558051109314,0.5745155811309814,0.9548789262771606,-3.1945046646362547,-0.17589695747701625,-0.28197833252960647
0.16,-0.3247023820877075,0.006178244948387146,0.09904737025499344,-0.19319896399974823,0.7314231991767883,0.3210355043411255,0.5702744126319885,0.9596760869026184,-3.1945046646362547,-0.17589695747701625,-0.28197833252960647
0.17,-0.33347854018211365,0.0064805299043655396,0.10492860525846481,-0.1882605403661728,0.7357000708580017,0.31530994176864624,0.5662943124771118,0.9648924469947815,-3.1945046646362547,-0.17589695747701625,-0.28197833252960647
0.18,-0.342583566904068,0.006610028445720673,0.11108335107564926,-0.18330152332782745,0.7400117516517639,0.3098715543746948,0.562334418296814,0.9700532555580139,-3.1945046646362547,-0.17589695747701625,-0.28197833252960647
0.19,-0.353127121925354,0.007068347185850143,0.11813730746507645,-0.17860980331897736,0.7454485297203064,0.3044503331184387,0.5583925247192383,0.9764583706855774,-3.1945046646362547,-0.17589695747701625,-0.28197833252960647
0.2,-0.3643395006656647,0.0071982741355896,0.1254907250404358,-0.173984095454216,0.7511900067329407,0.2985987663269043,0.554236650466919,0.9838300347328186,-3.1945046646362547,-0.17589695747701625,-0.28197833252960647
0.21,-0.37522950768470764,0.007705390453338623,0.13261085748672485,-0.16964425146579742,0.7571921944618225,0.29307302832603455,0.5507145524024963,0.9915135502815247,-3.1945046646362547,-0.17589695747701625,-0.28197833252960647
0.22,-0.38609087467193604,0.008531786501407623,0.1411888599395752,-0.1645081639289856,0.7616187930107117,0.2879323959350586,0.5462373495101929,0.9957485795021057,-3.1945046646362547,-0.17589695747701625,-0.28197833252960647
0.23,-0.3980737030506134,0.008710674941539764,0.15001842379570007,-0.15955586731433868,0.7668460011482239,0.2820640504360199,0.5405948162078857,0.9985761046409607,-3.1945046646362547,-0.17589695747701625,-0.28197833252960647
0.24,-0.4106009900569916,0.009352684020996094,0.15946343541145325,-0.15452127158641815,0.7726633548736572,0.2762192189693451,0.5348145961761475,1.0022321939468384,-3.1945046646362547,-0.17589695747701625,-0.28197833252960647
0.25,-0.42268261313438416,0.009472716599702835,0.16946178674697876,-0.1495363861322403,0.778605043888092,0.2698642611503601,0.528877854347229,1.0049182176589966,-3.1945046646362547,-0.17589695747701625,-0.28197833252960647
0.26,-0.4351007640361786,0.009713288396596909,0.1795009970664978,-0.14452549815177917,0.784537672996521,0.2637135684490204,0.5228146910667419,1.0077834129333496,-3.1945046646362547,-0.17589695747701625,-0.28197833252960647
0.27,-0.44803106784820557,0.00990995392203331,0.19003215432167053,-0.13938061892986298,0.7897718548774719,0.2580068111419678,0.5162892937660217,1.0086896419525146,-3.1945046646362547,-0.17589695747701625,-0.28197833252960647
0.28,-0.46109166741371155,0.010080210864543915,0.2005070447921753,-0.1341419667005539,0.795455813407898,0.2525895833969116,0.5092828869819641,1.0095010995864868,-3.1945046646362547,-0.17589695747701625,-0.28197833252960647
0.29,-0.47454726696014404,0.010398589074611664,0.21119645237922668,-0.12903235852718353,0.8012410998344421,0.24688516557216644,0.5026659369468689,1.010843276977539,-3.1945046646362547,-0.17589695747701625,-0.28197833252960647
0.3,-0.4874104857444763,0.01023474708199501,0.22209730744361877,-0.12394879758358002,0.8060103058815002,0.2410176545381546,0.49628356099128723,1.0106759071350098,-3.1945046646362547,-0.17589695747701625,-0.28197833252960647
0.31,-0.5020334720611572,0.00993739441037178,0.23423266410827637,-0.12004970014095306,0.81208735704422,0.2357178032398224,0.4894309639930725,1.010777473449707,-3.1945046646362547,-0.17589695747701625,-0.28197833252960647
0.32,-0.5161964893341064,0.00932406634092331,0.24674850702285767,-0.1155855804681778,0.8165867328643799,0.23178400099277496,0.4818858802318573,1.0090259313583374,-3.1945046646362547,-0.17589695747701625,-0.28197833252960647
0.33,-0.5323697328567505,0.008207004517316818,0.2609477937221527,-0.11072158813476562,0.822314441204071,0.22846221923828125,0.4737471044063568,1.007163405418396,-3.1945046646362547,-0.17589695747701625,-0.28197833252960647
0.34,-0.5513529777526855,0.007752537727355957,0.2767898142337799,-0.10616998374462128,0.8292825818061829,0.2252466231584549,0.46575599908828735,1.0071343183517456,-3.1945046646362547,-0.17589695747701625,-0.28197833252960647
0.35000000000000003,-0.5691670775413513,0.006919004023075104,0.2918764054775238,-0.10089142620563507,0.8331953883171082,0.22118817269802094,0.4560001492500305,1.0070385932922363,-3.1945046646362547,-0.17589695747701625,-0.28197833252960647
0.36,-0.5884631276130676,0.005891077220439911,0.30792707204818726,-0.09491467475891113,0.8389371037483215,0.21734394133090973,0.4466165602207184,1.0075738430023193,-3.1945046646362547,-0.17589695747701625,-0.28197833252960647
0.37,-0.6071521043777466,0.005540475249290466,0.32303351163864136,-0.08969104290008545,0.8449981212615967,0.21314683556556702,0.43758663535118103,1.0093997716903687,-3.1945046646362547,-0.17589695747701625,-0.28197833252960647
0.38,-0.626435399055481,0.005480993539094925,0.33698785305023193,-0.08503024280071259,0.8521349430084229,0.20822295546531677,0.4294063448905945,1.0102111101150513,-3.1945046646362547,-0.17589695747701625,-0.28197833252960647
0.39,-0.6462297439575195,0.00513593852519989,0.3514411449432373,-0.08237531781196594,0.8574814200401306,0.2042619287967682,0.4197743535041809,1.009946346282959,-3.1945046646362547,-0.17589695747701625,-0.28197833252960647
0.4,-0.6687126159667969,0.004511326551437378,0.36677855253219604,-0.07950210571289062,0.8633412718772888,0.20372791588306427,0.4083118736743927,1.007888674736023,-3.1945046646362547,-0.17589695747701625,-0.28197833252960647
0.41000000000000003,-0.6934891939163208,0.004313182085752487,0.38216906785964966,-0.0766964852809906,0.8709010481834412,0.20434899628162384,0.3964603841304779,1.00688636302948,-3.1945046646362547,-0.17589695747701625,-0.28197833252960647
0.42,-0.715741753578186,0.004748694598674774,0.3952755033969879,-0.07484719157218933,0.8784305453300476,0.20631149411201477,0.38574740290641785,1.0061061382293701,-3.1945046646362547,-0.17589695747701625,-0.28197833252960647
0.43,-0.7323801517486572,0.004498336464166641,0.4077654480934143,-0.0753454715013504,0.8824600577354431,0.20971930027008057,0.3769003450870514,1.0056871175765991,-3.1945046646362547,-0.17589695747701625,-0.28197833252960647
0.44,-0.7470122575759888,0.005138278007507324,0.41933274269104004,-0.07369185984134674,0.8867053389549255,0.21567782759666443,0.36917176842689514,1.005595326423645,-3.1945046646362547,-0.17589695747701625,-0.28197833252960647
0.45,-0.7607623338699341,0.00666416808962822,0.4302751421928406,-0.07162906229496002,0.8911834359169006,0.21965962648391724,0.36320996284484863,1.0086921453475952,-3.1945046646362547,-0.17589695747701625,-0.28197833252960647
0.46,-0.772380530834198,0.007941816002130508,0.43948450684547424,-0.07002747058868408,0.8943279385566711,0.22193901240825653,0.3577198088169098,1.0098342895507812,-3.1945046646362547,-0.17589695747701625,-0.28197833252960647
0.47000000000000003,-0.7838967442512512,0.00844625011086464,0.44859787821769714,-0.06822516024112701,0.8967784643173218,0.22367466986179352,0.3517073094844818,1.0104961395263672,-3.1945046646362547,-0.17589695747701625,-0.28197833252960647
0.48,-0.7966861724853516,0.0090203657746315,0.45852306485176086,-0.0666532963514328,0.8996694087982178,0.2260192483663559,0.3454911708831787,1.0116262435913086,-3.1945046646362547,-0.17589695747701625,-0.28197833252960647
0.49,-0.8096760511398315,0.00980512797832489,0.46857938170433044,-0.06518718600273132,0.9031733870506287,0.22889387607574463,0.3392329514026642,1.0125393867492676,-3.1945046646362547,-0.17589695747701625,-0.28197833252960647
0.0,-0.24405184388160706,-0.05772837623953819,-0.03258781135082245,-0.05663933977484703,0.8717074990272522,0.08279083669185638,0.7127538919448853,0.04039347916841507,-2.747630393085046,-0.07299542894144072,-0.3234093271121314
0.01,-0.12159755825996399,-0.05972602218389511,-0.021576277911663055,-0.25700661540031433,0.7027116417884827,-0.0005751217249780893,0.7527095079421997,0.5129998326301575,-2.747630393085046,-0.07299542894144072,-0.3234093271121314
0.02,-0.1444351077079773,-0.08063609153032303,-0.03794027864933014,-0.16136689484119415,0.5917012095451355,0.24068498611450195,0.6194972395896912,0.8926650881767273,-2.747630393085046,-0.07299542894144072,-0.3234093271121314
0.03,-0.2681560218334198,0.034102000296115875,0.047197192907333374,-0.2547973096370697,0.7084169983863831,0.37675291299819946,0.6803151369094849,0.9794159531593323,-2.747630393085046,-0.07299542894144072,-0.3234093271121314
0.04,-0.18105578422546387,-0.018612969666719437,0.006333794444799423,-0.24464164674282074,0.6287793517112732,0.33311915397644043,0.6422409415245056,0.9289516806602478,-2.747630393085046,-0.07299542894144072,-0.3234093271121314
0.05,-0.25377678871154785,0.005139574408531189,0.06903032958507538,-0.23187212646007538,0.66145259141922,0.3753138780593872,0.6294329166412354,0.9015023112297058,-2.747630393085046,-0.07299542894144072,-0.3234093271121314
0.06,-0.24050989747047424,0.0010050535202026367,0.02967485971748829,-0.24112220108509064,0.6810448169708252,0.341402530670166,0.6196780204772949,0.9368650317192078,-2.747630393085046,-0.07299542894144072,-0.3234093271121314
0.07,-0.24918586015701294,-0.0016368776559829712,0.05662707984447479,-0.22107766568660736,0.6668943762779236,0.3425368070602417,0.6311401724815369,0.9389627575874329,-2.747630393085046,-0.07299542894144072,-0.3234093271121314
0.08,-0.2640085220336914,0.0034160763025283813,0.05822377651929855,-0.22965089976787567,0.6838565468788147,0.34200912714004517,0.6149777173995972,0.9334954619407654,-2.747630393085046,-0.07299542894144072,-0.3234093271121314
0.09,-0.26760339736938477,0.0012999922037124634,0.06128052622079849,-0.21862190961837769,0.6831995844841003,0.3325849175453186,0.6145812273025513,0.9436565041542053,-2.747630393085046,-0.07299542894144072,-0.3234093271121314
0.1,-0.27978619933128357,0.0029356852173805237,0.06986893713474274,-0.21726737916469574,0.6907978653907776,0.3299209773540497,0.6099766492843628,0.9454613327980042,-2.747630393085046,-0.07299542894144072,-0.3234093271121314
0.11,-0.2868436872959137,0.0032287128269672394,0.07313767075538635,-0.21341103315353394,0.6951635479927063,0.3244651257991791,0.6052999496459961,0.950581967830658,-2.747630393085046,-0.07299542894144072,-0.3234093271121314
0.12,-0.2964745759963989,0.003839779645204544,0.08036462962627411,-0.20931366086006165,0.7000121474266052,0.32019251585006714,0.6015685796737671,0.9540196657180786,-2.747630393085046,-0.07299542894144072,-0.3234093271121314
0.13,-0.3055573105812073,0.004571191966533661,0.08550082892179489,-0.20668095350265503,0.7057570815086365,0.3152046799659729,0.596908450126648,0.9583967328071594,-2.747630393085046,-0.07299542894144072,-0.3234093271121314
0.14,-0.3140183985233307,0.004934325814247131,0.09101545810699463,-0.20238886773586273,0.7105543613433838,0.31033948063850403,0.5934330821037292,0.9633798599243164,-2.747630393085046,-0.07299542894144072,-0.3234093271121314
0.15,-0.32309573888778687,0.005463622510433197,0.09672679752111435,-0.19912360608577728,0.7159749269485474,0.30577290058135986,0.5895230770111084,0.9668154716491699,-2.747630393085046,-0.07299542894144072,-0.3234093271121314
0.16,-0.3312794864177704,0.0060770511627197266,0.10202440619468689,-0.19531813263893127,0.7204387187957764,0.3013474941253662,0.5855602025985718,0.9699100255966187,-2.747630393085046,-0.07299542894144072,-0.3234093271121314
0.17,-0.3399629294872284,0.006568107753992081,0.10769804567098618,-0.19153405725955963,0.7252498865127563,0.2967941164970398,0.5814113616943359,0.9727767109870911,-2.747630393085046,-0.07299542894144072,-0.3234093271121314
0.18,-0.34853294491767883,0.007158584892749786,0.11309462040662766,-0.18782253563404083,0.7301193475723267,0.2922191917896271,0.5773076415061951,0.9759777188301086,-2.747630393085046,-0.07299542894144072,-0.3234093271121314
0.19,-0.3565729260444641,0.007591038942337036,0.1181713417172432,-0.18408168852329254,0.734598696231842,0.2875131666660309,0.5733937621116638,0.9794543981552124,-2.747630393085046,-0.07299542894144072,-0.3234093271121314
0.2,-0.3648310601711273,0.008102085441350937,0.12360148876905441,-0.18033571541309357,0.739075243473053,0.28309252858161926,0.56944739818573,0.9826347231864929,-2.747630393085046,-0.07299542894144072,-0.3234093271121314
0.21,-0.37305185198783875,0.008591070771217346,0.12882143259048462,-0.17662814259529114,0.7436423897743225,0.27855509519577026,0.5654259920120239,0.9859207272529602,-2.747630393085046,-0.07299542894144072,-0.3234093271121314
0.22,-0.38208624720573425,0.009047579020261765,0.13429699838161469,-0.17269493639469147,0.7483883500099182,0.2734217643737793,0.5618476867675781,0.9901050925254822,-2.747630393085046,-0.07299542894144072,-0.3234093271121314
0.23,-0.39079728722572327,0.00926685705780983,0.1399613320827484,-0.16890616714954376,0.7527207732200623,0.2681969106197357,0.5580540895462036,0.9929628968238831,-2.747630393085046,-0.07299542894144072,-0.3234093271121314
0.24,-0.40010395646095276,0.009461969137191772,0.1461511105298996,-0.1652979701757431,0.7570636868476868,0.2628900408744812,0.5539101362228394,0.9950597882270813,-2.747630393085046,-0.07299542894144072,-0.3234093271121314
0.25,-0.40996673703193665,0.0096227265894413,0.1537376046180725,-0.16137732565402985,0.7606342434883118,0.2580375373363495,0.5486429333686829,0.9951539039611816,-2.747630393085046,-0.07299542894144072,-0.3234093271121314
0.26,-0.42252904176712036,0.00974142923951149,0.16465717554092407,-0.15757353603839874,0.7651011347770691,0.25424519181251526,0.5421452522277832,0.9940025210380554,-2.747630393085046,-0.07299542894144072,-0.3234093271121314
0.27,-0.43602433800697327,0.00990729033946991,0.17601194977760315,-0.15397092700004578,0.7704179286956787,0.25109702348709106,0.5349344611167908,0.9919645190238953,-2.747630393085046,-0.07299542894144072,-0.3234093271121314
0.28,-0.44889500737190247,0.01010635495185852,0.18668144941329956,-0.1505860835313797,0.7761926651000977,0.2480194866657257,0.5278072953224182,0.9899926781654358,-2.747630393085046,-0.07299542894144072,-0.3234093271121314
0.29,-0.46141964197158813,0.010293282568454742,0.19713228940963745,-0.14704172313213348,0.7816218733787537,0.24470485746860504,0.521072268486023,0.9884223341941833,-2.747630393085046,-0.07299542894144072,-0.3234093271121314
0.3,-0.47350063920021057,0.010595522820949554,0.20721742510795593,-0.1429973989725113,0.7880021333694458,0.2408340871334076,0.5148953199386597,0.988175094127655,-2.747630393085046,-0.07299542894144072,-0.3234093271121314
0.31,-0.485238254070282,0.01054348424077034,0.21704700589179993,-0.139045849442482,0.7932451367378235,0.23662643134593964,0.5088512897491455,0.9875268936157227,-2.747630393085046,-0.07299542894144072,-0.3234093271121314
0.32,-0.49770858883857727,0.010136336088180542,0.22755804657936096,-0.13511797785758972,0.7980555891990662,0.2335255891084671,0.5018402934074402,0.9858470559120178,-2.747630393085046,-0.07299542894144072,-0.3234093271121314
0.33,-0.5112798810005188,0.009889315813779831,0.23920688033103943,-0.13059735298156738,0.8033440709114075,0.23065094649791718,0.49473893642425537,0.9847043752670288,-2.747630393085046,-0.07299542894144072,-0.3234093271121314
0.34,-0.5263416171073914,0.009397558867931366,0.2516849637031555,-0.12584121525287628,0.8089444041252136,0.22689619660377502,0.4875822961330414,0.9844314455986023,-2.747630393085046,-0.07299542894144072,-0.3234093271121314
0.35000000000000003,-0.542471706867218,0.009056471288204193,0.2647411525249481,-0.12114551663398743,0.8153048157691956,0.2229381501674652,0.48065483570098877,0.9849623441696167,-2.747630393085046,-0.07299542894144072,-0.3234093271121314
0.36,-0.5577341914176941,0.008915349841117859,0.27626484632492065,-0.11598747968673706,0.8207550644874573,0.21838678419589996,0.4726833403110504,0.9852895140647888,-2.747630393085046,-0.07299542894144072,-0.3234093271121314
0.37,-0.5732558965682983,0.008501522243022919,0.2880208492279053,-0.10997797548770905,0.8263750672340393,0.212864950299263,0.4646919071674347,0.98604816198349,-2.747630393085046,-0.07299542894144072,-0.3234093271121314
0.38,-0.5890032649040222,0.00802161917090416,0.29963016510009766,-0.10423700511455536,0.8314239382743835,0.2066846340894699,0.4565999209880829,0.9868371486663818,-2.747630393085046,-0.07299542894144072,-0.3234093271121314
0.39,-0.6042453050613403,0.0068113841116428375,0.3100621700286865,-0.09801818430423737,0.8365598320960999,0.2010669857263565,0.44837048649787903,0.9863855242729187,-2.747630393085046,-0.07299542894144072,-0.3234093271121314
0.4,-0.6223845481872559,0.005972810089588165,0.32247036695480347,-0.09219297766685486,0.8431767821311951,0.1958235204219818,0.4401884377002716,0.9874947667121887,-2.747630393085046,-0.07299542894144072,-0.3234093271121314
0.41000000000000003,-0.6410371661186218,0.005014307796955109,0.33538150787353516,-0.08654460310935974,0.8496195077896118,0.19092050194740295,0.4309490919113159,0.9869890809059143,-2.747630393085046,-0.07299542894144072,-0.3234093271121314
0.42,-0.6619125008583069,0.003795076161623001,0.34953901171684265,-0.0801839530467987,0.8570178151130676,0.1865142583847046,0.4209185242652893,0.986747682094574,-2.747630393085046,-0.07299542894144072,-0.3234093271121314
0.43,-0.6845102906227112,0.0037569813430309296,0.3644290864467621,-0.07456888258457184,0.8658608794212341,0.1825341433286667,0.4103797376155853,0.9879409670829773,-2.747630393085046,-0.07299542894144072,-0.3234093271121314
0.44,-0.7037968039512634,0.0025828704237937927,0.37636762857437134,-0.07223498821258545,0.8712124228477478,0.1795043796300888,0.39955493807792664,0.9871104955673218,-2.747630393085046,-0.07299542894144072,-0.3234093271121314
0.45,-0.7225404381752014,0.001205146312713623,0.38826650381088257,-0.07167571783065796,0.8755010962486267,0.18105606734752655,0.3897981643676758,0.9863054156303406,-2.747630393085046,-0.07299542894144072,-0.3234093271121314
0.46,-0.7402119636535645,0.0013131946325302124,0.40086013078689575,-0.07199603319168091,0.8798295855522156,0.18708007037639618,0.38037416338920593,0.9879317879676819,-2.747630393085046,-0.07299542894144072,-0.3234093271121314
0.47000000000000003,-0.7525814771652222,0.0023862123489379883,0.41028234362602234,-0.0716579258441925,0.8856938481330872,0.19422921538352966,0.37393009662628174,0.989441454410553,-2.747630393085046,-0.07299542894144072,-0.3234093271121314
0.48,-0.7618526816368103,0.003910195082426071,0.41777729988098145,-0.07021312415599823,0.8910049796104431,0.1970832347869873,0.37063634395599365,0.9928421378135681,-2.747630393085046,-0.07299542894144072,-0.3234093271121314
0.49,-0.7695753574371338,0.003907501697540283,0.4238099455833435,-0.07001607120037079,0.8946148753166199,0.19648073613643646,0.36734846234321594,0.9935774803161621,-2.747630393085046,-0.07299542894144072,-0.3234093271121314
0.0,-0.15787726640701294,-0.01020580530166626,-0.07824359089136124,-0.01805935427546501,0.9103837013244629,0.05569150671362877,0.7878290414810181,-0.005057144910097122,-3.2375285927854023,0.053471556990388705,-0.3372902120655701
0.01,-0.037202589213848114,-0.09064825624227524,0.12852096557617188,-0.11838868260383606,0.6517665386199951,-0.1451561599969864,0.6549530625343323,0.06179950013756752,-3.2375285927854023,0.053471556990388705,-0.3372902120655701
0.02,-0.17783129215240479,-0.11590293049812317,-0.03164508193731308,0.00806521251797676,0.7535912394523621,-0.08510248363018036,0.621415376663208,0.26603010296821594,-3.2375285927854023,0.053471556990388705,-0.3372902120655701
0.03,-0.256078839302063,-0.03415659815073013,-0.07237636297941208,-0.11639882624149323,0.8809531331062317,-0.08632470667362213,0.7824683785438538,1.0535392761230469,-3.2375285927854023,0.053471556990388705,-0.3372902120655701
0.04,-0.0815538838505745,-0.005223289132118225,-0.02458517998456955,-0.08034677803516388,0.5556580424308777,0.17784881591796875,0.7602148056030273,1.06706964969635,-3.2375285927854023,0.053471556990388705,-0.3372902120655701
0.05,-0.23707270622253418,0.0055405497550964355,0.03524371236562729,-0.19658710062503815,0.7006334662437439,0.28420594334602356,0.639621376991272,0.8966432213783264,-3.2375285927854023,0.053471556990388705,-0.3372902120655701
0.06,-0.18735694885253906,-0.011867418885231018,-0.030688084661960602,-0.20760326087474823,0.7134708762168884,0.30220985412597656,0.6571823358535767,0.9884456992149353,-3.2375285927854023,0.053471556990388705,-0.3372902120655701
0.07,-0.22568944096565247,0.01892963796854019,0.045325376093387604,-0.18942256271839142,0.6896129846572876,0.33897581696510315,0.6759759187698364,0.9915546774864197,-3.2375285927854023,0.053471556990388705,-0.3372902120655701
0.08,-0.21946847438812256,0.005033530294895172,0.018891029059886932,-0.20357829332351685,0.7072614431381226,0.3268669843673706,0.6376945972442627,0.9528325200080872,-3.2375285927854023,0.053471556990388705,-0.3372902120655701
0.09,-0.23400405049324036,0.008644193410873413,0.03565775975584984,-0.18688441812992096,0.7098537683486938,0.3243083953857422,0.6497762203216553,0.9762480854988098,-3.2375285927854023,0.053471556990388705,-0.3372902120655701
0.1,-0.24158862233161926,0.009362593293190002,0.03858977183699608,-0.19005291163921356,0.7159819602966309,0.31846392154693604,0.6411498785018921,0.9769659638404846,-3.2375285927854023,0.053471556990388705,-0.3372902120655701
0.11,-0.24994227290153503,0.008660450577735901,0.04628162831068039,-0.18205483257770538,0.717624306678772,0.31579822301864624,0.6365836262702942,0.9779338240623474,-3.2375285927854023,0.053471556990388705,-0.3372902120655701
0.12,-0.261202871799469,0.010717242956161499,0.051957279443740845,-0.1801304668188095,0.7268603444099426,0.31143468618392944,0.6316189765930176,0.9825783371925354,-3.2375285927854023,0.053471556990388705,-0.3372902120655701
0.13,-0.2683608829975128,0.010455399751663208,0.05688944831490517,-0.17469868063926697,0.729712188243866,0.30544406175613403,0.6280142664909363,0.9874895215034485,-3.2375285927854023,0.053471556990388705,-0.3372902120655701
0.14,-0.2785037159919739,0.011389605700969696,0.06363825500011444,-0.17130617797374725,0.7358506917953491,0.30118870735168457,0.6234645843505859,0.9905309081077576,-3.2375285927854023,0.053471556990388705,-0.3372902120655701
0.15,-0.28738605976104736,0.012129649519920349,0.06913243234157562,-0.1676548719406128,0.7408422231674194,0.2951834797859192,0.6190175414085388,0.9953182339668274,-3.2375285927854023,0.053471556990388705,-0.3372902120655701
0.16,-0.2969284653663635,0.012188389897346497,0.0759686678647995,-0.16325585544109344,0.7457634806632996,0.28975147008895874,0.6143658757209778,0.9989096522331238,-3.2375285927854023,0.053471556990388705,-0.3372902120655701
0.17,-0.3069850504398346,0.013053491711616516,0.08224461227655411,-0.15989264845848083,0.7520036101341248,0.2844162583351135,0.6097429394721985,1.0038926601409912,-3.2375285927854023,0.053471556990388705,-0.3372902120655701
0.18,-0.31618088483810425,0.013408146798610687,0.08852103352546692,-0.1556696742773056,0.7569193243980408,0.278787225484848,0.6053851842880249,1.0085870027542114,-3.2375285927854023,0.053471556990388705,-0.3372902120655701
0.19,-0.3260580003261566,0.01399257779121399,0.09513586759567261,-0.15192295610904694,0.7626073956489563,0.27350687980651855,0.6007803678512573,1.012932300567627,-3.2375285927854023,0.053471556990388705,-0.3372902120655701
0.2,-0.33542531728744507,0.014402080327272415,0.10112369060516357,-0.148131862282753,0.7679694890975952,0.2677941620349884,0.5963549613952637,1.0180127620697021,-3.2375285927854023,0.053471556990388705,-0.3372902120655701
0.21,-0.34494954347610474,0.014860007911920547,0.10770843178033829,-0.14397390186786652,0.7733740210533142,0.2621799409389496,0.5923058390617371,1.0229661464691162,-3.2375285927854023,0.053471556990388705,-0.3372902120655701
0.22,-0.3544485569000244,0.015500549226999283,0.11407731473445892,-0.1397140473127365,0.779758870601654,0.25599271059036255,0.5883293151855469,1.0285700559616089,-3.2375285927854023,0.053471556990388705,-0.3372902120655701
0.23,-0.3633377254009247,0.015525944530963898,0.12035976350307465,-0.13538141548633575,0.7852311730384827,0.24928347766399384,0.5844379663467407,1.0334011316299438,-3.2375285927854023,0.053471556990388705,-0.3372902120655701
0.24,-0.37267547845840454,0.015567533671855927,0.12676703929901123,-0.1314619928598404,0.7912085652351379,0.2430732101202011,0.5804592370986938,1.038259744644165,-3.2375285927854023,0.053471556990388705,-0.3372902120655701
0.25,-0.38251248002052307,0.015969082713127136,0.1333589404821396,-0.12762875854969025,0.7973076105117798,0.23690949380397797,0.5770041942596436,1.043979525566101,-3.2375285927854023,0.053471556990388705,-0.3372902120655701
0.26,-0.3922191560268402,0.01637410745024681,0.13994093239307404,-0.12365983426570892,0.802868664264679,0.23058868944644928,0.5734380483627319,1.0487538576126099,-3.2375285927854023,0.053471556990388705,-0.3372902120655701
0.27,-0.40197479724884033,0.016499318182468414,0.14637812972068787,-0.11969505250453949,0.8085194230079651,0.2241012305021286,0.5696394443511963,1.0529537200927734,-3.2375285927854023,0.053471556990388705,-0.3372902120655701
0.28,-0.412139892578125,0.01636882871389389,0.15336072444915771,-0.11641748249530792,0.81442791223526,0.21777518093585968,0.5657328367233276,1.0559171438217163,-3.2375285927854023,0.053471556990388705,-0.3372902120655701
0.29,-0.4229879081249237,0.01610824093222618,0.16125479340553284,-0.11386536061763763,0.8200090527534485,0.21223439276218414,0.5609861612319946,1.058407187461853,-3.2375285927854023,0.053471556990388705,-0.3372902120655701
0.3,-0.43378177285194397,0.01632252335548401,0.1693825125694275,-0.11134280264377594,0.8250371217727661,0.20746871829032898,0.556122899055481,1.060681939125061,-3.2375285927854023,0.053471556990388705,-0.3372902120655701
0.31,-0.4451044201850891,0.01678726077079773,0.179548442363739,-0.1072603315114975,0.8288821578025818,0.203315868973732,0.5495965480804443,1.0594998598098755,-3.2375285927854023,0.053471556990388705,-0.3372902120655701
0.32,-0.4579302668571472,0.01675766333937645,0.1902553141117096,-0.10340805351734161,0.8339297771453857,0.19778604805469513,0.5419337749481201,1.0587891340255737,-3.2375285927854023,0.053471556990388705,-0.3372902120655701
0.33,-0.4728783965110779,0.015528161078691483,0.20280393958091736,-0.09986944496631622,0.8387380242347717,0.1940864473581314,0.5337530970573425,1.05722975730896,-3.2375285927854023,0.053471556990388705,-0.3372902120655701
0.34,-0.4903566241264343,0.015728816390037537,0.2174907922744751,-0.09743894636631012,0.8449124693870544,0.1926824301481247,0.5251976251602173,1.0565515756607056,-3.2375285927854023,0.053471556990388705,-0.3372902120655701
0.35000000000000003,-0.5065896511077881,0.015436608344316483,0.23166555166244507,-0.09466628730297089,0.8500603437423706,0.1912427693605423,0.5157425403594971,1.0539456605911255,-3.2375285927854023,0.053471556990388705,-0.3372902120655701
0.36,-0.5244527459144592,0.015449661761522293,0.24696612358093262,-0.0915231853723526,0.8562286496162415,0.18905580043792725,0.5066213011741638,1.0526996850967407,-3.2375285927854023,0.053471556990388705,-0.3372902120655701
0.37,-0.5421499013900757,0.014962099492549896,0.262629896402359,-0.08769820630550385,0.8629035353660583,0.1860094666481018,0.4974989593029022,1.0506914854049683,-3.2375285927854023,0.053471556990388705,-0.3372902120655701
0.38,-0.5613340735435486,0.013794872909784317,0.27846089005470276,-0.08342616260051727,0.8690593838691711,0.18113268911838531,0.4872997999191284,1.049324870109558,-3.2375285927854023,0.053471556990388705,-0.3372902120655701
0.39,-0.5829147696495056,0.012158513069152832,0.29526787996292114,-0.0786222368478775,0.8752060532569885,0.176294207572937,0.4760797321796417,1.0484716892242432,-3.2375285927854023,0.053471556990388705,-0.3372902120655701
0.4,-0.6050919890403748,0.01085793599486351,0.31254076957702637,-0.07349646091461182,0.8810533285140991,0.17248094081878662,0.46474185585975647,1.0483235120773315,-3.2375285927854023,0.053471556990388705,-0.3372902120655701
0.41000000000000003,-0.6256181001663208,0.009896554052829742,0.3297737240791321,-0.07066655158996582,0.8858962655067444,0.170417919754982,0.4527967572212219,1.0465497970581055,-3.2375285927854023,0.053471556990388705,-0.3372902120655701
0.42,-0.648240864276886,0.00886739045381546,0.3475746512413025,-0.06653167307376862,0.8914473652839661,0.1709263175725937,0.43979668617248535,1.0433225631713867,-3.2375285927854023,0.053471556990388705,-0.3372902120655701
0.43,-0.6731722354888916,0.008266940712928772,0.36463865637779236,-0.0629858672618866,0.9003797769546509,0.1716272085905075,0.42751607298851013,1.0411957502365112,-3.2375285927854023,0.053471556990388705,-0.3372902120655701
0.44,-0.6976269483566284,0.008026137948036194,0.3814663290977478,-0.06018640473484993,0.9091752767562866,0.17162659764289856,0.41620445251464844,1.0389999151229858,-3.2375285927854023,0.053471556990388705,-0.3372902120655701
0.45,-0.7186146974563599,0.006789907813072205,0.3968704640865326,-0.060354623943567276,0.9146873354911804,0.17206178605556488,0.40509679913520813,1.0356601476669312,-3.2375285927854023,0.053471556990388705,-0.3372902120655701
0.46,-0.7383472919464111,0.005393043160438538,0.4106685519218445,-0.058993350714445114,0.9169301390647888,0.17726263403892517,0.3916173279285431,1.031057596206665,-3.2375285927854023,0.053471556990388705,-0.3372902120655701
0.47000000000000003,-0.7591443061828613,0.006618097424507141,0.42667722702026367,-0.05849054828286171,0.9218190908432007,0.18609212338924408,0.3812730014324188,1.0335675477981567,-3.2375285927854023,0.053471556990388705,-0.3372902120655701
0.48,-0.7740141749382019,0.009785313159227371,0.438551664352417,-0.05690039321780205,0.9262176156044006,0.19515448808670044,0.37372922897338867,1.0346146821975708,-3.2375285927854023,0.053471556990388705,-0.3372902120655701
0.49,-0.7856982350349426,0.012074295431375504,0.4481475055217743,-0.054603900760412216,0.9299307465553284,0.19897565245628357,0.36853471398353577,1.0372815132141113,-3.2375285927854023,0.053471556990388705,-0.3372902120655701
0.0,-0.11700460314750671,0.02382931113243103,-0.08486015349626541,0.001548219472169876,0.9066938161849976,0.04134221002459526,0.8138132095336914,-0.021272528916597366,-3.5157542287327823,0.07800231137428566,-0.29699096088115967
0.01,-0.041868723928928375,-0.12430287897586823,0.22275355458259583,-0.058126743882894516,0.6892454028129578,-0.21861810982227325,0.6026564240455627,0.05719495937228203,-3.5157542287327823,0.07800231137428566,-0.29699096088115967
0.02,-0.22837117314338684,-0.10007673501968384,-0.07445304840803146,0.02430390939116478,0.8325595259666443,-0.15297123789787292,0.6749374270439148,0.39898476004600525,-3.5157542287327823,0.07800231137428566,-0.29699096088115967
0.03,-0.18167215585708618,-0.019923023879528046,-0.09524445980787277,-0.056390222162008286,0.8043266534805298,-0.10741294175386429,0.7718531489372253,1.1174652576446533,-3.5157542287327823,0.07800231137428566,-0.29699096088115967
0.04,-0.11585534363985062,-0.009757868945598602,-0.0035913288593292236,-0.030591074377298355,0.5823877453804016,0.13738806545734406,0.7360794544219971,1.053589940071106,-3.5157542287327823,0.07800231137428566,-0.29699096088115967
0.05,-0.22767290472984314,0.022146038711071014,-0.001122843474149704,-0.16299289464950562,0.7350177764892578,0.22434641420841217,0.6415726542472839,0.9542441964149475,-3.5157542287327823,0.07800231137428566,-0.29699096088115967
0.06,-0.17491337656974792,-0.021833885461091995,-0.032697223126888275,-0.1602945178747177,0.6964974999427795,0.24872630834579468,0.6565778255462646,1.0092432498931885,-3.5157542287327823,0.07800231137428566,-0.29699096088115967
0.07,-0.23045563697814941,0.03924137353897095,0.033159200102090836,-0.1683148890733719,0.7176036834716797,0.3103291392326355,0.6664955615997314,1.0065841674804688,-3.5157542287327823,0.07800231137428566,-0.29699096088115967
0.08,-0.2002100646495819,-0.00020350515842437744,0.003577064722776413,-0.16459079086780548,0.7075908780097961,0.28129082918167114,0.6325939297676086,0.9676798582077026,-3.5157542287327823,0.07800231137428566,-0.29699096088115967
0.09,-0.23352470993995667,0.01993989199399948,0.02799808233976364,-0.16001228988170624,0.7260409593582153,0.28789228200912476,0.6432958245277405,0.9940488934516907,-3.5157542287327823,0.07800231137428566,-0.29699096088115967
0.1,-0.22591516375541687,0.008186422288417816,0.022243591025471687,-0.15556852519512177,0.7212507128715515,0.2768014669418335,0.6308788061141968,0.9880488514900208,-3.5157542287327823,0.07800231137428566,-0.29699096088115967
0.11,-0.24594378471374512,0.015681549906730652,0.03711884468793869,-0.15056072175502777,0.7305635809898376,0.2769545912742615,0.630290687084198,0.9939895272254944,-3.5157542287327823,0.07800231137428566,-0.29699096088115967
0.12,-0.24739331007003784,0.010713145136833191,0.03604245185852051,-0.14730049669742584,0.7329064607620239,0.2680321931838989,0.6223709583282471,0.9942415356636047,-3.5157542287327823,0.07800231137428566,-0.29699096088115967
0.13,-0.2613428831100464,0.014204263687133789,0.046732958406209946,-0.1411316841840744,0.7393003106117249,0.26490622758865356,0.6203255653381348,1.0000828504562378,-3.5157542287327823,0.07800231137428566,-0.29699096088115967
0.14,-0.26727962493896484,0.01231982558965683,0.04905775561928749,-0.13768018782138824,0.7439407706260681,0.2572953402996063,0.6141300201416016,1.0024406909942627,-3.5157542287327823,0.07800231137428566,-0.29699096088115967
0.15,-0.27836623787879944,0.014115385711193085,0.05695807933807373,-0.13243533670902252,0.749148428440094,0.2525002956390381,0.6109061241149902,1.0071239471435547,-3.5157542287327823,0.07800231137428566,-0.29699096088115967
0.16,-0.28641241788864136,0.013355627655982971,0.061611875891685486,-0.1288108378648758,0.7541510462760925,0.24563859403133392,0.605430543422699,1.009709358215332,-3.5157542287327823,0.07800231137428566,-0.29699096088115967
0.17,-0.2965535819530487,0.01433560997247696,0.06816694140434265,-0.12430870532989502,0.7594313025474548,0.24010823667049408,0.6015406847000122,1.0139338970184326,-3.5157542287327823,0.07800231137428566,-0.29699096088115967
0.18,-0.3052816390991211,0.014199309051036835,0.07329888641834259,-0.12019918859004974,0.7641326785087585,0.23325437307357788,0.5972124934196472,1.0174437761306763,-3.5157542287327823,0.07800231137428566,-0.29699096088115967
0.19,-0.3149578273296356,0.014744110405445099,0.07931472361087799,-0.11574797332286835,0.7688618302345276,0.22690406441688538,0.5933984518051147,1.021354079246521,-3.5157542287327823,0.07800231137428566,-0.29699096088115967
0.2,-0.3239434063434601,0.014899760484695435,0.08460435271263123,-0.11157618463039398,0.7737124562263489,0.22005432844161987,0.5892271995544434,1.024817705154419,-3.5157542287327823,0.07800231137428566,-0.29699096088115967
0.21,-0.33304736018180847,0.014993950724601746,0.09059204161167145,-0.10701347887516022,0.7781141400337219,0.21344710886478424,0.5850497484207153,1.0276341438293457,-3.5157542287327823,0.07800231137428566,-0.29699096088115967
0.22,-0.3421204686164856,0.014939285814762115,0.0964331328868866,-0.1027071624994278,0.782761812210083,0.20680129528045654,0.5804591178894043,1.0298707485198975,-3.5157542287327823,0.07800231137428566,-0.29699096088115967
0.23,-0.3522177040576935,0.014952458441257477,0.10269834101200104,-0.09860818088054657,0.7879059910774231,0.2002507597208023,0.575954794883728,1.0332404375076294,-3.5157542287327823,0.07800231137428566,-0.29699096088115967
0.24,-0.36309143900871277,0.015269018709659576,0.10960579663515091,-0.09456638991832733,0.7939046025276184,0.1942039430141449,0.5716514587402344,1.0377522706985474,-3.5157542287327823,0.07800231137428566,-0.29699096088115967
0.25,-0.3731987178325653,0.01577495038509369,0.1159868985414505,-0.09036171436309814,0.7997758984565735,0.18810467422008514,0.5680172443389893,1.043035626411438,-3.5157542287327823,0.07800231137428566,-0.29699096088115967
0.26,-0.38349127769470215,0.01613084226846695,0.12325622141361237,-0.08628946542739868,0.8053930401802063,0.18174131214618683,0.5644388794898987,1.0473829507827759,-3.5157542287327823,0.07800231137428566,-0.29699096088115967
0.27,-0.39483198523521423,0.015783507376909256,0.13138872385025024,-0.0829043984413147,0.8114634156227112,0.17515332996845245,0.5600687861442566,1.0515291690826416,-3.5157542287327823,0.07800231137428566,-0.29699096088115967
0.28,-0.4064580500125885,0.015851832926273346,0.13950572907924652,-0.079749196767807,0.8179746270179749,0.1693926602602005,0.5559171438217163,1.0566600561141968,-3.5157542287327823,0.07800231137428566,-0.29699096088115967
0.29,-0.41731390357017517,0.01593983918428421,0.1480804979801178,-0.07688753306865692,0.8239335417747498,0.16395962238311768,0.5516120791435242,1.0607205629348755,-3.5157542287327823,0.07800231137428566,-0.29699096088115967
0.3,-0.428021639585495,0.01575551927089691,0.15664935111999512,-0.07440690696239471,0.8297795057296753,0.15897175669670105,0.546751081943512,1.0640547275543213,-3.5157542287327823,0.07800231137428566,-0.29699096088115967
0.31,-0.4398652911186218,0.016001902520656586,0.16672030091285706,-0.07171528041362762,0.8359001874923706,0.154966339468956,0.5410115122795105,1.0665627717971802,-3.5157542287327823,0.07800231137428566,-0.29699096088115967
0.32,-0.45205458998680115,0.016158081591129303,0.17827007174491882,-0.06759093701839447,0.840470016002655,0.15087011456489563,0.5338553786277771,1.066494107246399,-3.5157542287327823,0.07800231137428566,-0.29699096088115967
0.33,-0.4663652181625366,0.014502372592687607,0.1910928189754486,-0.06329242885112762,0.8449329733848572,0.14666494727134705,0.5249801874160767,1.0633583068847656,-3.5157542287327823,0.07800231137428566,-0.29699096088115967
0.34,-0.48278191685676575,0.013838790357112885,0.20550569891929626,-0.059714075177907944,0.8501841425895691,0.14402958750724792,0.5155844688415527,1.0604796409606934,-3.5157542287327823,0.07800231137428566,-0.29699096088115967
0.35000000000000003,-0.5002728700637817,0.012004248797893524,0.2204466164112091,-0.05662011727690697,0.8560855388641357,0.14185793697834015,0.5050200819969177,1.056518793106079,-3.5157542287327823,0.07800231137428566,-0.29699096088115967
0.36,-0.521327018737793,0.011928286403417587,0.23832106590270996,-0.05500832572579384,0.8623571991920471,0.1419716626405716,0.49393630027770996,1.0536149740219116,-3.5157542287327823,0.07800231137428566,-0.29699096088115967
0.37,-0.5416695475578308,0.011051088571548462,0.2559130787849426,-0.05227954313158989,0.8664920926094055,0.1422455906867981,0.4796314835548401,1.0492570400238037,-3.5157542287327823,0.07800231137428566,-0.29699096088115967
0.38,-0.5642386078834534,0.01007593423128128,0.27453407645225525,-0.048784997314214706,0.8725617527961731,0.14231343567371368,0.4653463065624237,1.0466939210891724,-3.5157542287327823,0.07800231137428566,-0.29699096088115967
0.39,-0.5869547724723816,0.009257659316062927,0.29319870471954346,-0.04462723806500435,0.878768801689148,0.1418953388929367,0.45128387212753296,1.0454384088516235,-3.5157542287327823,0.07800231137428566,-0.29699096088115967
0.4,-0.6119178533554077,0.008270703256130219,0.31261229515075684,-0.04151349887251854,0.8860375285148621,0.14175103604793549,0.4399949908256531,1.046520471572876,-3.5157542287327823,0.07800231137428566,-0.29699096088115967
0.41000000000000003,-0.636088490486145,0.007974516600370407,0.3314003348350525,-0.04006374627351761,0.8917496204376221,0.14377614855766296,0.4277391731739044,1.0466264486312866,-3.5157542287327823,0.07800231137428566,-0.29699096088115967
0.42,-0.6581665277481079,0.006916508078575134,0.3507658839225769,-0.03978865221142769,0.8960416913032532,0.14715224504470825,0.4161848723888397,1.044190764427185,-3.5157542287327823,0.07800231137428566,-0.29699096088115967
0.43,-0.6788979172706604,0.006395634263753891,0.36810821294784546,-0.03963259235024452,0.9009106755256653,0.1526748090982437,0.4049988389015198,1.0404077768325806,-3.5157542287327823,0.07800231137428566,-0.29699096088115967
0.44,-0.6990851163864136,0.006838995963335037,0.38477689027786255,-0.041046373546123505,0.9070310592651367,0.1582283079624176,0.39366838335990906,1.037800908088684,-3.5157542287327823,0.07800231137428566,-0.29699096088115967
0.45,-0.7191953063011169,0.006986286491155624,0.4014988839626312,-0.04114821180701256,0.9114717841148376,0.16375994682312012,0.38127702474594116,1.032799482345581,-3.5157542287327823,0.07800231137428566,-0.29699096088115967
0.46,-0.7411120533943176,0.006403733044862747,0.4190482497215271,-0.04251570627093315,0.9154214262962341,0.17348060011863708,0.36823776364326477,1.0303925275802612,-3.5157542287327823,0.07800231137428566,-0.29699096088115967
0.47000000000000003,-0.762761116027832,0.009369604289531708,0.4369213581085205,-0.04262794181704521,0.9213936924934387,0.185902401804924,0.3575681149959564,1.0303666591644287,-3.5157542287327823,0.07800231137428566,-0.29699096088115967
0.48,-0.7797725796699524,0.01328490674495697,0.45147204399108887,-0.03961372375488281,0.9247121810913086,0.19414882361888885,0.34836503863334656,1.0316945314407349,-3.5157542287327823,0.07800231137428566,-0.29699096088115967
0.49,-0.7968354821205139,0.01587684452533722,0.4652014970779419,-0.03727107122540474,0.928618848323822,0.19901242852210999,0.34021255373954773,1.0337772369384766,-3.5157542287327823,0.07800231137428566,-0.29699096088115967
0.0,-0.29121237993240356,-0.036392051726579666,0.012442685663700104,-0.09023495018482208,0.8988742232322693,0.1265309602022171,0.7531002163887024,0.022096838802099228,-3.342833195100633,-0.4380491518833129,-0.291977443580015
0.01,-0.22232118248939514,-0.09504164010286331,0.048509381711483,-0.28209617733955383,0.6770015358924866,0.07277162373065948,0.6676656007766724,0.3090997636318207,-3.342833195100633,-0.4380491518833129,-0.291977443580015
0.02,-0.21440395712852478,-0.09870678186416626,-0.08555827289819717,-0.21672509610652924,0.7475762963294983,0.2856607437133789,0.6251235008239746,0.8763801455497742,-3.342833195100633,-0.4380491518833129,-0.291977443580015
0.03,-0.24738162755966187,0.03784292936325073,0.04773854464292526,-0.2853204905986786,0.7028728723526001,0.43242621421813965,0.7261120080947876,1.0601187944412231,-3.342833195100633,-0.4380491518833129,-0.291977443580015
0.04,-0.20835253596305847,-0.045391760766506195,0.045443326234817505,-0.30086931586265564,0.6369649767875671,0.4153202772140503,0.6091815829277039,0.8588185906410217,-3.342833195100633,-0.4380491518833129,-0.291977443580015
0.05,-0.27652978897094727,-0.004011034965515137,0.06207932531833649,-0.2819029986858368,0.7252429723739624,0.455465704202652,0.6185320615768433,0.9028263092041016,-3.342833195100633,-0.4380491518833129,-0.291977443580015
0.06,-0.2548143267631531,-0.008474409580230713,0.04735853150486946,-0.28488513827323914,0.7043156623840332,0.40742170810699463,0.6264575719833374,0.9440007209777832,-3.342833195100633,-0.4380491518833129,-0.291977443580015
0.07,-0.26310163736343384,-0.019615620374679565,0.06554779410362244,-0.27061083912849426,0.689903736114502,0.4163036346435547,0.6150955557823181,0.9103599190711975,-3.342833195100633,-0.4380491518833129,-0.291977443580015
0.08,-0.28390002250671387,-0.010889261960983276,0.06806613504886627,-0.2740525007247925,0.7191428542137146,0.41907525062561035,0.6107385158538818,0.9251063466072083,-3.342833195100633,-0.4380491518833129,-0.291977443580015
0.09,-0.28314149379730225,-0.010856449604034424,0.0736122876405716,-0.26453858613967896,0.7104799151420593,0.4073958992958069,0.6098474860191345,0.9348472952842712,-3.342833195100633,-0.4380491518833129,-0.291977443580015
0.1,-0.29420047998428345,-0.014509283006191254,0.0805225819349289,-0.26008644700050354,0.7156438231468201,0.40431538224220276,0.6022113561630249,0.9286680817604065,-3.342833195100633,-0.4380491518833129,-0.291977443580015
0.11,-0.3052038252353668,-0.011178813874721527,0.08707154542207718,-0.2554311454296112,0.7248080372810364,0.40215563774108887,0.6008634567260742,0.9400404095649719,-3.342833195100633,-0.4380491518833129,-0.291977443580015
0.12,-0.3112250864505768,-0.011405684053897858,0.09216192364692688,-0.2502606213092804,0.726045548915863,0.39552515745162964,0.5974045991897583,0.9449282288551331,-3.342833195100633,-0.4380491518833129,-0.291977443580015
0.13,-0.3213350772857666,-0.01227058470249176,0.0993945449590683,-0.24498696625232697,0.7309296727180481,0.39189714193344116,0.5927947759628296,0.9475257992744446,-3.342833195100633,-0.4380491518833129,-0.291977443580015
0.14,-0.33238157629966736,-0.011484522372484207,0.1066153347492218,-0.2405315488576889,0.7376490831375122,0.38797321915626526,0.5894289016723633,0.9552506804466248,-3.342833195100633,-0.4380491518833129,-0.291977443580015
0.15,-0.3423251211643219,-0.011066615581512451,0.11438057571649551,-0.23509596288204193,0.741313636302948,0.38364720344543457,0.585128664970398,0.9606078267097473,-3.342833195100633,-0.4380491518833129,-0.291977443580015
0.16,-0.3539635241031647,-0.010856222361326218,0.12339120358228683,-0.2293570190668106,0.74612957239151,0.3797375559806824,0.579531192779541,0.9637811779975891,-3.342833195100633,-0.4380491518833129,-0.291977443580015
0.17,-0.36640116572380066,-0.01034419983625412,0.1327459216117859,-0.22353222966194153,0.7517144083976746,0.375355064868927,0.5737859010696411,0.9683400988578796,-3.342833195100633,-0.4380491518833129,-0.291977443580015
0.18,-0.37839481234550476,-0.00995970144867897,0.14163917303085327,-0.21766048669815063,0.7568945288658142,0.37068477272987366,0.5680616497993469,0.9730833172798157,-3.342833195100633,-0.4380491518833129,-0.291977443580015
0.19,-0.3904934525489807,-0.009431816637516022,0.1503881812095642,-0.21203438937664032,0.7619858980178833,0.3659992218017578,0.5623572468757629,0.977428138256073,-3.342833195100633,-0.4380491518833129,-0.291977443580015
0.2,-0.402503103017807,-0.008926264941692352,0.1593427062034607,-0.20642240345478058,0.7668630480766296,0.3612113893032074,0.556694746017456,0.9808783531188965,-3.342833195100633,-0.4380491518833129,-0.291977443580015
0.21,-0.41467946767807007,-0.008454911410808563,0.16831377148628235,-0.2007317990064621,0.7719857692718506,0.35649868845939636,0.5508424043655396,0.9841657280921936,-3.342833195100633,-0.4380491518833129,-0.291977443580015
0.22,-0.42704975605010986,-0.007997330278158188,0.17746859788894653,-0.19518165290355682,0.776788592338562,0.35173967480659485,0.5449821949005127,0.9875370860099792,-3.342833195100633,-0.4380491518833129,-0.291977443580015
0.23,-0.4393378496170044,-0.007573634386062622,0.18658655881881714,-0.18958750367164612,0.7816211581230164,0.3471537232398987,0.5390092730522156,0.990729033946991,-3.342833195100633,-0.4380491518833129,-0.291977443580015
0.24,-0.45205384492874146,-0.006833702325820923,0.1961004137992859,-0.18429744243621826,0.7871406078338623,0.3428245782852173,0.5332082509994507,0.9951717257499695,-3.342833195100633,-0.4380491518833129,-0.291977443580015
0.25,-0.46453186869621277,-0.005934201180934906,0.20575052499771118,-0.17858518660068512,0.7929214835166931,0.33810102939605713,0.5276846885681152,1.0002528429031372,-3.342833195100633,-0.4380491518833129,-0.291977443580015
0.26,-0.47694942355155945,-0.00528513640165329,0.21531641483306885,-0.1726740300655365,0.7983781099319458,0.3325543701648712,0.5223321914672852,1.0054337978363037,-3.342833195100633,-0.4380491518833129,-0.291977443580015
0.27,-0.4896707832813263,-0.004633497446775436,0.22551864385604858,-0.16670294106006622,0.8037136197090149,0.32649344205856323,0.5171386003494263,1.010347843170166,-3.342833195100633,-0.4380491518833129,-0.291977443580015
0.28,-0.5024884343147278,-0.004637189209461212,0.23623806238174438,-0.1603296846151352,0.8084719181060791,0.3202933967113495,0.5115582942962646,1.013424038887024,-3.342833195100633,-0.4380491518833129,-0.291977443580015
0.29,-0.5163698792457581,-0.0045346543192863464,0.2471103072166443,-0.15453515946865082,0.8140925765037537,0.3140123784542084,0.5064014196395874,1.016891360282898,-3.342833195100633,-0.4380491518833129,-0.291977443580015
0.3,-0.5298081040382385,-0.004276093095541,0.25787121057510376,-0.14906559884548187,0.8188603520393372,0.3081194758415222,0.5008578896522522,1.0191010236740112,-3.342833195100633,-0.4380491518833129,-0.291977443580015
0.31,-0.5440410375595093,-0.004771538078784943,0.2691839635372162,-0.14419536292552948,0.8248259425163269,0.30272817611694336,0.4944843649864197,1.0198755264282227,-3.342833195100633,-0.4380491518833129,-0.291977443580015
0.32,-0.5580358505249023,-0.0042258016765117645,0.2804979085922241,-0.13907490670681,0.8304197192192078,0.29773107171058655,0.488645076751709,1.0218067169189453,-3.342833195100633,-0.4380491518833129,-0.291977443580015
0.33,-0.5708794593811035,-0.0046720243990421295,0.29063937067985535,-0.13421960175037384,0.8353332877159119,0.29215508699417114,0.4829220473766327,1.0225389003753662,-3.342833195100633,-0.4380491518833129,-0.291977443580015
0.34,-0.5839582681655884,-0.005326546728610992,0.3006095290184021,-0.1295214593410492,0.8400053381919861,0.28722137212753296,0.47792288661003113,1.0227364301681519,-3.342833195100633,-0.4380491518833129,-0.291977443580015
0.35000000000000003,-0.5988478064537048,-0.0053539276123046875,0.3111909031867981,-0.12461182475090027,0.8444566130638123,0.28213733434677124,0.4717593193054199,1.023903250694275,-3.342833195100633,-0.4380491518833129,-0.291977443580015
0.36,-0.6152594685554504,-0.005212046205997467,0.3223034739494324,-0.11914883553981781,0.8499196171760559,0.2770083546638489,0.4650742709636688,1.0246540307998657,-3.342833195100633,-0.4380491518833129,-0.291977443580015
0.37,-0.6324331164360046,-0.005042232573032379,0.33386561274528503,-0.11384637653827667,0.8559221625328064,0.27134600281715393,0.4580738842487335,1.025509238243103,-3.342833195100633,-0.4380491518833129,-0.291977443580015
0.38,-0.651256799697876,-0.005200926214456558,0.346958726644516,-0.10870462656021118,0.8624144792556763,0.26553481817245483,0.4509344696998596,1.025652289390564,-3.342833195100633,-0.4380491518833129,-0.291977443580015
0.39,-0.6725084185600281,-0.0068123675882816315,0.35987937450408936,-0.10447628796100616,0.8676939010620117,0.2601715326309204,0.4401477575302124,1.0234642028808594,-3.342833195100633,-0.4380491518833129,-0.291977443580015
0.4,-0.6956070065498352,-0.007100988179445267,0.3737764358520508,-0.09863865375518799,0.8746053576469421,0.25651121139526367,0.4286530911922455,1.0234944820404053,-3.342833195100633,-0.4380491518833129,-0.291977443580015
0.41000000000000003,-0.7168161273002625,-0.006913777440786362,0.38728398084640503,-0.09741836786270142,0.8795375227928162,0.25451982021331787,0.4166911542415619,1.0234309434890747,-3.342833195100633,-0.4380491518833129,-0.291977443580015
0.42,-0.7340900897979736,-0.006864368915557861,0.397489070892334,-0.09476034343242645,0.8843543529510498,0.2560200095176697,0.406150221824646,1.0209383964538574,-3.342833195100633,-0.4380491518833129,-0.291977443580015
0.43,-0.7523860931396484,-0.005315076559782028,0.41078290343284607,-0.09279888868331909,0.8901048898696899,0.25756222009658813,0.39784955978393555,1.02402925491333,-3.342833195100633,-0.4380491518833129,-0.291977443580015
0.44,-0.7661083936691284,-0.005252905189990997,0.4225276708602905,-0.09320570528507233,0.8921799659729004,0.2596736550331116,0.3886079490184784,1.0229514837265015,-3.342833195100633,-0.4380491518833129,-0.291977443580015
0.45,-0.7807112336158752,-0.004177689552307129,0.43456318974494934,-0.09150610864162445,0.8959187865257263,0.2631559371948242,0.3809450566768646,1.0235469341278076,-3.342833195100633,-0.4380491518833129,-0.291977443580015
0.46,-0.7951215505599976,-0.003024440258741379,0.4460979998111725,-0.09015700221061707,0.8995781540870667,0.2657743990421295,0.3744550943374634,1.0256407260894775,-3.342833195100633,-0.4380491518833129,-0.291977443580015
0.47000000000000003,-0.8081467151641846,-0.002384558320045471,0.45675361156463623,-0.08867360651493073,0.9025578498840332,0.2686873972415924,0.3680795133113861,1.0267014503479004,-3.342833195100633,-0.4380491518833129,-0.291977443580015
0.48,-0.8220378160476685,-0.0011783987283706665,0.4680511951446533,-0.08662398159503937,0.9067227244377136,0.2720738649368286,0.36239004135131836,1.0288888216018677,-3.342833195100633,-0.4380491518833129,-0.291977443580015
0.49,-0.8354496955871582,0.0002558194100856781,0.47909238934516907,-0.08506380021572113,0.9108573198318481,0.2750815749168396,0.35664114356040955,1.0309489965438843,-3.342833195100633,-0.4380491518833129,-0.291977443580015
0.0,-0.2470540702342987,-0.07368388026952744,-0.02898234874010086,-0.05556866154074669,0.8519011735916138,0.06462666392326355,0.6758711338043213,0.0762152224779129,-2.3563296264467373,0.022930508107738452,-0.3276050413069922
0.01,-0.1250392496585846,-0.05397026240825653,-0.06187760829925537,-0.2424185425043106,0.7194756269454956,-0.03538873419165611,0.7561156749725342,0.8089358806610107,-2.3563296264467373,0.022930508107738452,-0.3276050413069922
0.02,-0.14358121156692505,-0.04830026626586914,0.04128526523709297,-0.13563837110996246,0.48243218660354614,0.2727440595626831,0.6583514213562012,0.8532500863075256,-2.3563296264467373,0.022930508107738452,-0.3276050413069922
0.03,-0.2902517020702362,0.017398342490196228,0.04652915894985199,-0.2628066837787628,0.7233737111091614,0.3500030040740967,0.6056098341941833,0.8851543068885803,-2.3563296264467373,0.022930508107738452,-0.3276050413069922
0.04,-0.1749095320701599,-0.015748657286167145,-0.009639047086238861,-0.2175450474023819,0.6265925168991089,0.29108867049217224,0.6632119417190552,0.9701290726661682,-2.3563296264467373,0.022930508107738452,-0.3276050413069922
0.05,-0.2565155327320099,0.006865289062261581,0.09004561603069305,-0.21274644136428833,0.6404171586036682,0.34156572818756104,0.6383435726165771,0.9069868326187134,-2.3563296264467373,0.022930508107738452,-0.3276050413069922
0.06,-0.23815256357192993,-0.0033747591078281403,0.02536167949438095,-0.2277824580669403,0.6667123436927795,0.30504167079925537,0.6181975603103638,0.9316893219947815,-2.3563296264467373,0.022930508107738452,-0.3276050413069922
0.07,-0.2537139058113098,-0.0005116835236549377,0.06806960701942444,-0.20577993988990784,0.6530241370201111,0.31316691637039185,0.6336724758148193,0.9317938685417175,-2.3563296264467373,0.022930508107738452,-0.3276050413069922
0.08,-0.2651204466819763,0.0009382665157318115,0.05783902108669281,-0.2164715677499771,0.6715907454490662,0.3065301179885864,0.6160057783126831,0.9298943877220154,-2.3563296264467373,0.022930508107738452,-0.3276050413069922
0.09,-0.26890242099761963,-0.0010497123003005981,0.06699827313423157,-0.20454718172550201,0.6679317951202393,0.30138319730758667,0.6179723739624023,0.9356396198272705,-2.3563296264467373,0.022930508107738452,-0.3276050413069922
0.1,-0.2831211984157562,0.001492191106081009,0.07380671054124832,-0.20483018457889557,0.6782834529876709,0.29958775639533997,0.6110659837722778,0.9357101321220398,-2.3563296264467373,0.022930508107738452,-0.3276050413069922
0.11,-0.2879948318004608,0.000478990375995636,0.07563929259777069,-0.20097459852695465,0.6813034415245056,0.2924851179122925,0.6078477501869202,0.9395322203636169,-2.3563296264467373,0.022930508107738452,-0.3276050413069922
0.12,-0.2986065745353699,0.001169361174106598,0.08400976657867432,-0.1972997486591339,0.6859329342842102,0.2898968458175659,0.6037652492523193,0.9403809905052185,-2.3563296264467373,0.022930508107738452,-0.3276050413069922
0.13,-0.30693966150283813,0.0014357715845108032,0.08738106489181519,-0.19518797099590302,0.6921485662460327,0.2848140299320221,0.5993652939796448,0.9437646269798279,-2.3563296264467373,0.022930508107738452,-0.3276050413069922
0.14,-0.3156329095363617,0.0016025230288505554,0.09380501508712769,-0.19134066998958588,0.6968656182289124,0.2807680070400238,0.5965523719787598,0.9465728402137756,-2.3563296264467373,0.022930508107738452,-0.3276050413069922
0.15,-0.3247513771057129,0.0020115524530410767,0.09908371418714523,-0.18901319801807404,0.7031126618385315,0.2765737771987915,0.5929082632064819,0.9493986964225769,-2.3563296264467373,0.022930508107738452,-0.3276050413069922
0.16,-0.3331167995929718,0.0022791102528572083,0.10442184656858444,-0.18599335849285126,0.7083887457847595,0.2723597288131714,0.5896803736686707,0.9521583318710327,-2.3563296264467373,0.022930508107738452,-0.3276050413069922
0.17,-0.3416995704174042,0.0027434974908828735,0.11010805517435074,-0.1830713003873825,0.7136741876602173,0.2684255540370941,0.5862871408462524,0.9545969367027283,-2.3563296264467373,0.022930508107738452,-0.3276050413069922
0.18,-0.34947657585144043,0.0035709962248802185,0.11567292362451553,-0.18011344969272614,0.7180132269859314,0.2645282745361328,0.5824381113052368,0.9560123682022095,-2.3563296264467373,0.022930508107738452,-0.3276050413069922
0.19,-0.35755273699760437,0.0037250183522701263,0.1215938851237297,-0.17690040171146393,0.7221819162368774,0.2602938413619995,0.5778895616531372,0.9562785029411316,-2.3563296264467373,0.022930508107738452,-0.3276050413069922
0.2,-0.3659760057926178,0.004297167062759399,0.12741795182228088,-0.17393796145915985,0.7267628312110901,0.25635239481925964,0.573415219783783,0.9571958780288696,-2.3563296264467373,0.022930508107738452,-0.3276050413069922
0.21,-0.3740449845790863,0.004770252853631973,0.13306193053722382,-0.17081399261951447,0.7311301231384277,0.25223782658576965,0.5690839290618896,0.9579135179519653,-2.3563296264467373,0.022930508107738452,-0.3276050413069922
0.22,-0.382243812084198,0.005231048911809921,0.13884365558624268,-0.16769413650035858,0.735477864742279,0.24812938272953033,0.5647055506706238,0.9586088061332703,-2.3563296264467373,0.022930508107738452,-0.3276050413069922
0.23,-0.39061322808265686,0.005776360630989075,0.14470237493515015,-0.16486485302448273,0.7397602796554565,0.24429748952388763,0.5600039958953857,0.9594975113868713,-2.3563296264467373,0.022930508107738452,-0.3276050413069922
0.24,-0.39952415227890015,0.006533179432153702,0.15098580718040466,-0.16247543692588806,0.7441996335983276,0.24081911146640778,0.5554074048995972,0.9602691531181335,-2.3563296264467373,0.022930508107738452,-0.3276050413069922
0.25,-0.40874090790748596,0.006928887218236923,0.15754255652427673,-0.15971243381500244,0.7484336495399475,0.23724809288978577,0.5502833127975464,0.9603466391563416,-2.3563296264467373,0.022930508107738452,-0.3276050413069922
0.26,-0.4186764657497406,0.0076914578676223755,0.16587811708450317,-0.1557399183511734,0.7515642046928406,0.2341390699148178,0.5439645051956177,0.958434522151947,-2.3563296264467373,0.022930508107738452,-0.3276050413069922
0.27,-0.4302228093147278,0.008141342550516129,0.17442920804023743,-0.1518317461013794,0.7559798359870911,0.22984760999679565,0.53664231300354,0.9568841457366943,-2.3563296264467373,0.022930508107738452,-0.3276050413069922
0.28,-0.441575288772583,0.008965585380792618,0.18396514654159546,-0.14769046008586884,0.7602376341819763,0.22555454075336456,0.5295587182044983,0.955579400062561,-2.3563296264467373,0.022930508107738452,-0.3276050413069922
0.29,-0.4524519145488739,0.0084649957716465,0.19327083230018616,-0.14348174631595612,0.7637549042701721,0.22110900282859802,0.5223142504692078,0.9523696899414062,-2.3563296264467373,0.022930508107738452,-0.3276050413069922
0.3,-0.4641466736793518,0.008520394563674927,0.2026921808719635,-0.13846217095851898,0.7665563225746155,0.2173345535993576,0.5152120590209961,0.9493922591209412,-2.3563296264467373,0.022930508107738452,-0.3276050413069922
0.31,-0.4763317108154297,0.008254636079072952,0.2120996117591858,-0.13361357152462006,0.7698674201965332,0.21304890513420105,0.5080159306526184,0.9467147588729858,-2.3563296264467373,0.022930508107738452,-0.3276050413069922
0.32,-0.488696426153183,0.008023791015148163,0.22246378660202026,-0.12770314514636993,0.7738128304481506,0.20829923450946808,0.5014467835426331,0.9451571702957153,-2.3563296264467373,0.022930508107738452,-0.3276050413069922
0.33,-0.5009722709655762,0.007020674645900726,0.23268669843673706,-0.12216928601264954,0.778425395488739,0.20273077487945557,0.4952906668186188,0.9440827369689941,-2.3563296264467373,0.022930508107738452,-0.3276050413069922
0.34,-0.515944242477417,0.00653747096657753,0.2436496615409851,-0.11653904616832733,0.7828661203384399,0.1972891241312027,0.48841628432273865,0.9443175196647644,-2.3563296264467373,0.022930508107738452,-0.3276050413069922
0.35000000000000003,-0.5322052836418152,0.006438788026571274,0.25551506876945496,-0.11035415530204773,0.7878788113594055,0.19206325709819794,0.48037126660346985,0.9441050887107849,-2.3563296264467373,0.022930508107738452,-0.3276050413069922
0.36,-0.5498775243759155,0.006304427981376648,0.26793578267097473,-0.10346105694770813,0.7939829230308533,0.18655452132225037,0.4716167151927948,0.9446070790290833,-2.3563296264467373,0.022930508107738452,-0.3276050413069922
0.37,-0.5671849250793457,0.00635296106338501,0.2794633209705353,-0.09686128795146942,0.8009448647499084,0.18053027987480164,0.46314093470573425,0.9463059306144714,-2.3563296264467373,0.022930508107738452,-0.3276050413069922
0.38,-0.5823628306388855,0.006233815103769302,0.28927531838417053,-0.09028145670890808,0.8073505759239197,0.17399193346500397,0.4553760588169098,0.9482362270355225,-2.3563296264467373,0.022930508107738452,-0.3276050413069922
0.39,-0.5986993312835693,0.005467131733894348,0.3006107807159424,-0.08552277088165283,0.8136966824531555,0.16756205260753632,0.44707420468330383,0.9500157833099365,-2.3563296264467373,0.022930508107738452,-0.3276050413069922
0.4,-0.6153004169464111,0.004494339227676392,0.3121396601200104,-0.08017900586128235,0.8190882802009583,0.1640186905860901,0.4375806152820587,0.9504489302635193,-2.3563296264467373,0.022930508107738452,-0.3276050413069922
0.41000000000000003,-0.6348036527633667,0.004466652870178223,0.32456105947494507,-0.0754626989364624,0.8268744349479675,0.1611510068178177,0.4279603660106659,0.952612042427063,-2.3563296264467373,0.022930508107738452,-0.3276050413069922
0.42,-0.6523313522338867,0.004180055111646652,0.3350236415863037,-0.07148092985153198,0.8339792490005493,0.15806955099105835,0.4187603294849396,0.9533281326293945,-2.3563296264467373,0.022930508107738452,-0.3276050413069922
0.43,-0.6661756038665771,0.003844335675239563,0.34290504455566406,-0.0695493072271347,0.8407787084579468,0.15518905222415924,0.41137608885765076,0.954501748085022,-2.3563296264467373,0.022930508107738452,-0.3276050413069922
0.44,-0.6767902374267578,0.0036277659237384796,0.35124003887176514,-0.0681845098733902,0.8445414304733276,0.1530921310186386,0.40454792976379395,0.9541712403297424,-2.3563296264467373,0.022930508107738452,-0.3276050413069922
0.45,-0.6883594989776611,0.002909637987613678,0.3599499762058258,-0.06631828844547272,0.8487209677696228,0.15184912085533142,0.39643236994743347,0.9535149931907654,-2.3563296264467373,0.022930508107738452,-0.3276050413069922
0.46,-0.7009430527687073,0.0015774592757225037,0.3679778575897217,-0.06543974578380585,0.8539206385612488,0.1514131873846054,0.3891989290714264,0.9534373879432678,-2.3563296264467373,0.022930508107738452,-0.3276050413069922
0.47000000000000003,-0.7110781669616699,0.0007446259260177612,0.3746238648891449,-0.06531393527984619,0.8581139445304871,0.1512502282857895,0.38438957929611206,0.9526969194412231,-2.3563296264467373,0.022930508107738452,-0.3276050413069922
0.48,-0.7201238870620728,-9.785965085029602e-05,0.381050705909729,-0.06487424671649933,0.8611956834793091,0.15107744932174683,0.38006120920181274,0.9519724249839783,-2.3563296264467373,0.022930508107738452,-0.3276050413069922
0.49,-0.7292474508285522,-0.0007035732269287109,0.3874678313732147,-0.06454233825206757,0.8649970293045044,0.15059243142604828,0.3756939172744751,0.9515457153320312,-2.3563296264467373,0.022930508107738452,-0.3276050413069922
0.0,-0.26947101950645447,-0.07403208315372467,-0.005502559244632721,-0.06757184863090515,0.8102390170097351,0.08135280758142471,0.6369397640228271,0.0689685046672821,-2.299957524596315,-0.06231590642032457,-0.25876408100141046
0.01,-0.20155009627342224,-0.05115731433033943,-0.019904203712940216,-0.2543797194957733,0.7168763279914856,0.010423418134450912,0.6995887160301208,0.8258541822433472,-2.299957524596315,-0.06231590642032457,-0.25876408100141046
0.02,-0.1401190161705017,-0.037679508328437805,0.03155040740966797,-0.1550799012184143,0.4851101040840149,0.301742821931839,0.619837760925293,0.8283482789993286,-2.299957524596315,-0.06231590642032457,-0.25876408100141046
0.03,-0.30307748913764954,0.01411905512213707,0.07809779047966003,-0.2528214752674103,0.6837170720100403,0.35025644302368164,0.5693801641464233,0.8438336253166199,-2.299957524596315,-0.06231590642032457,-0.25876408100141046
0.04,-0.19001030921936035,-0.013784434646368027,-0.0017527714371681213,-0.21861612796783447,0.6187391877174377,0.29438528418540955,0.6103807687759399,0.9298099279403687,-2.299957524596315,-0.06231590642032457,-0.25876408100141046
0.05,-0.264269083738327,0.004038199782371521,0.09992261230945587,-0.20966355502605438,0.620169460773468,0.33475521206855774,0.6024163365364075,0.879037082195282,-2.299957524596315,-0.06231590642032457,-0.25876408100141046
0.06,-0.2508086562156677,-0.0035982653498649597,0.04344097897410393,-0.22364360094070435,0.6468884348869324,0.30778318643569946,0.5751141309738159,0.8931233882904053,-2.299957524596315,-0.06231590642032457,-0.25876408100141046
0.07,-0.26533493399620056,0.0003649182617664337,0.0790482833981514,-0.20259596407413483,0.6365695595741272,0.31128615140914917,0.5910627841949463,0.9011946320533752,-2.299957524596315,-0.06231590642032457,-0.25876408100141046
0.08,-0.2739558517932892,-0.00029803067445755005,0.06991633772850037,-0.2103566974401474,0.6522205471992493,0.3034663200378418,0.57643061876297,0.8996174931526184,-2.299957524596315,-0.06231590642032457,-0.25876408100141046
0.09,-0.28024163842201233,-0.0002703741192817688,0.08030270785093307,-0.20014004409313202,0.6504828929901123,0.30000147223472595,0.5776325464248657,0.9060367941856384,-2.299957524596315,-0.06231590642032457,-0.25876408100141046
0.1,-0.2916046380996704,0.000654418021440506,0.08412322402000427,-0.20001372694969177,0.6602597236633301,0.29572004079818726,0.5719269514083862,0.9073075652122498,-2.299957524596315,-0.06231590642032457,-0.25876408100141046
0.11,-0.2978634536266327,0.00043723732233047485,0.08831149339675903,-0.1957102119922638,0.6632854342460632,0.2903587222099304,0.5692703723907471,0.9112021923065186,-2.299957524596315,-0.06231590642032457,-0.25876408100141046
0.12,-0.30777400732040405,0.00094619020819664,0.094505175948143,-0.19264240562915802,0.669104278087616,0.2867226302623749,0.5651670694351196,0.9127185344696045,-2.299957524596315,-0.06231590642032457,-0.25876408100141046
0.13,-0.31563493609428406,0.0013974644243717194,0.09829792380332947,-0.18983618915081024,0.6746470332145691,0.28195834159851074,0.5613152384757996,0.9159303307533264,-2.299957524596315,-0.06231590642032457,-0.25876408100141046
0.14,-0.3236471116542816,0.0019272230565547943,0.10370875149965286,-0.18601800501346588,0.6790189146995544,0.27787497639656067,0.5578873157501221,0.9181477427482605,-2.299957524596315,-0.06231590642032457,-0.25876408100141046
0.15,-0.3322159945964813,0.0023935623466968536,0.10843339562416077,-0.1829117089509964,0.6843923926353455,0.2733859419822693,0.5538138747215271,0.920524001121521,-2.299957524596315,-0.06231590642032457,-0.25876408100141046
0.16,-0.340108186006546,0.0028641894459724426,0.11325538158416748,-0.17942406237125397,0.6891642212867737,0.26905542612075806,0.5501144528388977,0.9228855967521667,-2.299957524596315,-0.06231590642032457,-0.25876408100141046
0.17,-0.3478103578090668,0.0029579997062683105,0.11858110874891281,-0.1759917289018631,0.6937228441238403,0.26473158597946167,0.5461034774780273,0.9239123463630676,-2.299957524596315,-0.06231590642032457,-0.25876408100141046
0.18,-0.3563919961452484,0.0036623626947402954,0.12431070953607559,-0.17271798849105835,0.6987568736076355,0.2605981230735779,0.5419304370880127,0.92555832862854,-2.299957524596315,-0.06231590642032457,-0.25876408100141046
0.19,-0.3645108640193939,0.004034213721752167,0.12956669926643372,-0.16939224302768707,0.7036358714103699,0.2559772729873657,0.5377295017242432,0.9270378947257996,-2.299957524596315,-0.06231590642032457,-0.25876408100141046
0.2,-0.37319767475128174,0.004586178809404373,0.1354444921016693,-0.16604448854923248,0.7083271145820618,0.2514543831348419,0.5337682366371155,0.9285251498222351,-2.299957524596315,-0.06231590642032457,-0.25876408100141046
0.21,-0.3823685944080353,0.004954822361469269,0.14302358031272888,-0.16197045147418976,0.7119478583335876,0.2470763474702835,0.5285010933876038,0.9270370602607727,-2.299957524596315,-0.06231590642032457,-0.25876408100141046
0.22,-0.39264118671417236,0.004890702664852142,0.1505647897720337,-0.15804438292980194,0.7161939740180969,0.24212972819805145,0.522235095500946,0.9256222248077393,-2.299957524596315,-0.06231590642032457,-0.25876408100141046
0.23,-0.4027312994003296,0.005138598382472992,0.15821623802185059,-0.1539454311132431,0.7200644612312317,0.23758907616138458,0.5162794589996338,0.9242979884147644,-2.299957524596315,-0.06231590642032457,-0.25876408100141046
0.24,-0.412812203168869,0.00531335175037384,0.16595599055290222,-0.15035481750965118,0.7237588763237,0.23321086168289185,0.5097492933273315,0.9228999018669128,-2.299957524596315,-0.06231590642032457,-0.25876408100141046
0.25,-0.42352095246315,0.0056475140154361725,0.17448627948760986,-0.14690713584423065,0.7279009222984314,0.22890712320804596,0.5031753778457642,0.9215663075447083,-2.299957524596315,-0.06231590642032457,-0.25876408100141046
0.26,-0.43491896986961365,0.005711972713470459,0.18393787741661072,-0.14370006322860718,0.7321255207061768,0.22507107257843018,0.49614253640174866,0.9202138781547546,-2.299957524596315,-0.06231590642032457,-0.25876408100141046
0.27,-0.44618842005729675,0.005929362028837204,0.19357657432556152,-0.14027665555477142,0.7364709973335266,0.22202695906162262,0.4894046187400818,0.9186456799507141,-2.299957524596315,-0.06231590642032457,-0.25876408100141046
0.28,-0.4575254023075104,0.006414283066987991,0.2036844789981842,-0.13565562665462494,0.7404399514198303,0.2184658795595169,0.4830821454524994,0.9170051217079163,-2.299957524596315,-0.06231590642032457,-0.25876408100141046
0.29,-0.4688219726085663,0.006159506738185883,0.21346187591552734,-0.13057728111743927,0.7433061003684998,0.2139994502067566,0.4763166904449463,0.9141214489936829,-2.299957524596315,-0.06231590642032457,-0.25876408100141046
0.3,-0.4812754690647125,0.005828343331813812,0.22442877292633057,-0.12491372227668762,0.7466933727264404,0.2094014286994934,0.4695339500904083,0.9120305180549622,-2.299957524596315,-0.06231590642032457,-0.25876408100141046
0.31,-0.4950101673603058,0.005001872777938843,0.23626595735549927,-0.1198119968175888,0.7519885897636414,0.20449285209178925,0.4631137549877167,0.9110425114631653,-2.299957524596315,-0.06231590642032457,-0.25876408100141046
0.32,-0.5104803442955017,0.005063243210315704,0.24820688366889954,-0.11415579915046692,0.7564341425895691,0.19965076446533203,0.4551345407962799,0.9107992053031921,-2.299957524596315,-0.06231590642032457,-0.25876408100141046
0.33,-0.5270820260047913,0.004778411239385605,0.25979408621788025,-0.108116015791893,0.7620860934257507,0.1944054812192917,0.44631436467170715,0.9103806614875793,-2.299957524596315,-0.06231590642032457,-0.25876408100141046
0.34,-0.5448592305183411,0.005243163555860519,0.2721104025840759,-0.10156884789466858,0.7683693766593933,0.1890038698911667,0.4378015100955963,0.9114843606948853,-2.299957524596315,-0.06231590642032457,-0.25876408100141046
0.35000000000000003,-0.5613041520118713,0.0052419789135456085,0.2828182578086853,-0.09509235620498657,0.7750786542892456,0.18369098007678986,0.4285222589969635,0.9121515154838562,-2.299957524596315,-0.06231590642032457,-0.25876408100141046
0.36,-0.5797244310379028,0.005279816687107086,0.2961002588272095,-0.0888308584690094,0.7825800776481628,0.17830361425876617,0.41970470547676086,0.9140740036964417,-2.299957524596315,-0.06231590642032457,-0.25876408100141046
0.37,-0.5981506705284119,0.005297582596540451,0.3095226585865021,-0.08272264897823334,0.7901160717010498,0.1734050214290619,0.40979838371276855,0.9139125943183899,-2.299957524596315,-0.06231590642032457,-0.25876408100141046
0.38,-0.617736279964447,0.004880070686340332,0.32194745540618896,-0.0783802717924118,0.7985347509384155,0.16783054172992706,0.39885690808296204,0.913375198841095,-2.299957524596315,-0.06231590642032457,-0.25876408100141046
0.39,-0.6333176493644714,0.0036220774054527283,0.33023887872695923,-0.07452329993247986,0.8052089810371399,0.16365675628185272,0.39050421118736267,0.9136707186698914,-2.299957524596315,-0.06231590642032457,-0.25876408100141046
0.4,-0.6475002765655518,0.0042997486889362335,0.3383239507675171,-0.07203678786754608,0.8116994500160217,0.16064339876174927,0.3846878707408905,0.9157252907752991,-2.299957524596315,-0.06231590642032457,-0.25876408100141046
0.41000000000000003,-0.6575098633766174,0.0031298398971557617,0.3444252610206604,-0.07138186693191528,0.8148953318595886,0.15762841701507568,0.37830373644828796,0.9148243069648743,-2.299957524596315,-0.06231590642032457,-0.25876408100141046
0.42,-0.6693280339241028,0.0027045458555221558,0.3523269295692444,-0.06940346956253052,0.8193983435630798,0.1569809466600418,0.37250494956970215,0.9148839116096497,-2.299957524596315,-0.06231590642032457,-0.25876408100141046
0.43,-0.6807588934898376,0.0017454437911510468,0.35930514335632324,-0.06864756345748901,0.8243048787117004,0.15581049025058746,0.36691412329673767,0.9153836369514465,-2.299957524596315,-0.06231590642032457,-0.25876408100141046
0.44,-0.6914469599723816,0.0010615885257720947,0.3665745258331299,-0.06810528039932251,0.8281727433204651,0.15588568150997162,0.36190494894981384,0.9147966504096985,-2.299957524596315,-0.06231590642032457,-0.25876408100141046
0.45,-0.7013438940048218,0.00047267600893974304,0.37370169162750244,-0.06739890575408936,0.8320236206054688,0.1561608463525772,0.35734495520591736,0.9144353270530701,-2.299957524596315,-0.06231590642032457,-0.25876408100141046
0.46,-0.71039879322052,-0.0004069022834300995,0.3805426359176636,-0.06727699935436249,0.8349770903587341,0.15706121921539307,0.3536015450954437,0.9155375957489014,-2.299957524596315,-0.06231590642032457,-0.25876408100141046
0.47000000000000003,-0.7177779674530029,-0.0005275644361972809,0.3862784206867218,-0.06686004996299744,0.8382313847541809,0.1585332602262497,0.35101428627967834,0.9165036678314209,-2.299957524596315,-0.06231590642032457,-0.25876408100141046
0.48,-0.7239382266998291,-0.0004105791449546814,0.3914293646812439,-0.0660620927810669,0.841111421585083,0.15861573815345764,0.3492092788219452,0.9185796976089478,-2.299957524596315,-0.06231590642032457,-0.25876408100141046
0.49,-0.7300113439559937,-0.0005130358040332794,0.3962901830673218,-0.0658598244190216,0.8437464833259583,0.15784315764904022,0.34775879979133606,0.9203664064407349,-2.299957524596315,-0.06231590642032457,-0.25876408100141046
0.0,-0.22616344690322876,-0.052607785910367966,-0.032845765352249146,-0.04358452185988426,0.8323184847831726,0.07424019277095795,0.6769275665283203,0.03715953603386879,-2.5504483669125015,0.007400134349931788,-0.2715812849781501
0.01,-0.1239849105477333,-0.05267072468996048,-0.009833943098783493,-0.22247177362442017,0.6866833567619324,-0.029332922771573067,0.7189797163009644,0.5004106163978577,-2.5504483669125015,0.007400134349931788,-0.2715812849781501
0.02,-0.14796537160873413,-0.07391843944787979,-0.03637566417455673,-0.13626740872859955,0.5726931691169739,0.196751669049263,0.5988412499427795,0.8895168900489807,-2.5504483669125015,0.007400134349931788,-0.2715812849781501
0.03,-0.2617371678352356,0.038958191871643066,0.05284840241074562,-0.2187153697013855,0.6835771203041077,0.3378756642341614,0.6538432240486145,0.9558480381965637,-2.5504483669125015,0.007400134349931788,-0.2715812849781501
0.04,-0.1800578236579895,-0.013285119086503983,0.004759393632411957,-0.21656233072280884,0.6179104447364807,0.2922787666320801,0.6214385032653809,0.9181361794471741,-2.5504483669125015,0.007400134349931788,-0.2715812849781501
0.05,-0.24751782417297363,0.009901348501443863,0.07120482623577118,-0.2009720504283905,0.6402342915534973,0.33824604749679565,0.6103105545043945,0.8914700150489807,-2.5504483669125015,0.007400134349931788,-0.2715812849781501
0.06,-0.23945403099060059,0.008259467780590057,0.03348787873983383,-0.21402671933174133,0.6649289727210999,0.30594712495803833,0.5951968431472778,0.9201233983039856,-2.5504483669125015,0.007400134349931788,-0.2715812849781501
0.07,-0.2425174117088318,0.003172159194946289,0.05368397757411003,-0.19115900993347168,0.6494958400726318,0.30183058977127075,0.6101154088973999,0.9259632229804993,-2.5504483669125015,0.007400134349931788,-0.2715812849781501
0.08,-0.260701060295105,0.008422736078500748,0.060903679579496384,-0.2008906602859497,0.665826141834259,0.30461007356643677,0.5952556729316711,0.9190381169319153,-2.5504483669125015,0.007400134349931788,-0.2715812849781501
0.09,-0.2633460760116577,0.0071212537586688995,0.060760498046875,-0.19249092042446136,0.6664459109306335,0.2951245903968811,0.5926270484924316,0.9282631278038025,-2.5504483669125015,0.007400134349931788,-0.2715812849781501
0.1,-0.2752058506011963,0.007725238800048828,0.07119376212358475,-0.188523530960083,0.6720200181007385,0.292716920375824,0.5889173746109009,0.9289091229438782,-2.5504483669125015,0.007400134349931788,-0.2715812849781501
0.11,-0.2841455638408661,0.008718620985746384,0.07452614605426788,-0.18727098405361176,0.6784766912460327,0.2877739667892456,0.582988440990448,0.932712972164154,-2.5504483669125015,0.007400134349931788,-0.2715812849781501
0.12,-0.292566180229187,0.008641265332698822,0.08110586553812027,-0.18261058628559113,0.6821425557136536,0.2831827402114868,0.5793452262878418,0.9351254105567932,-2.5504483669125015,0.007400134349931788,-0.2715812849781501
0.13,-0.30249765515327454,0.00941489264369011,0.0868256539106369,-0.18000105023384094,0.6883541941642761,0.2790025472640991,0.5745216608047485,0.9384890794754028,-2.5504483669125015,0.007400134349931788,-0.2715812849781501
0.14,-0.31098708510398865,0.00972471758723259,0.09214343130588531,-0.1761869341135025,0.6931582093238831,0.27412500977516174,0.5706327557563782,0.9422118067741394,-2.5504483669125015,0.007400134349931788,-0.2715812849781501
0.15,-0.319784015417099,0.010058417916297913,0.09758170694112778,-0.17281197011470795,0.6981778740882874,0.2693098783493042,0.5666958093643188,0.9457983374595642,-2.5504483669125015,0.007400134349931788,-0.2715812849781501
0.16,-0.3282223641872406,0.010113313794136047,0.10261233896017075,-0.1693534255027771,0.7031823396682739,0.26434236764907837,0.5630354285240173,0.9485782980918884,-2.5504483669125015,0.007400134349931788,-0.2715812849781501
0.17,-0.3367163836956024,0.010089367628097534,0.10809499025344849,-0.1659795492887497,0.7078261971473694,0.259522408246994,0.5590982437133789,0.950562059879303,-2.5504483669125015,0.007400134349931788,-0.2715812849781501
0.18,-0.3452919125556946,0.010037854313850403,0.11361546814441681,-0.1626252979040146,0.7125099897384644,0.2548612952232361,0.5547716021537781,0.952144205570221,-2.5504483669125015,0.007400134349931788,-0.2715812849781501
0.19,-0.35401901602745056,0.010090723633766174,0.11914301663637161,-0.15927495062351227,0.7173168659210205,0.2501378059387207,0.5504474639892578,0.9539763331413269,-2.5504483669125015,0.007400134349931788,-0.2715812849781501
0.2,-0.36277836561203003,0.010152570903301239,0.12466589361429214,-0.15599963068962097,0.7220667600631714,0.24534450471401215,0.5460870265960693,0.9556401968002319,-2.5504483669125015,0.007400134349931788,-0.2715812849781501
0.21,-0.37144961953163147,0.010201238095760345,0.13020429015159607,-0.15270115435123444,0.7267030477523804,0.24061021208763123,0.5416789650917053,0.9571499824523926,-2.5504483669125015,0.007400134349931788,-0.2715812849781501
0.22,-0.3809831440448761,0.010685838758945465,0.13673116266727448,-0.14945131540298462,0.7315706610679626,0.23615382611751556,0.5379680395126343,0.9591097831726074,-2.5504483669125015,0.007400134349931788,-0.2715812849781501
0.23,-0.39010393619537354,0.010895978659391403,0.14266368746757507,-0.14667122066020966,0.7367385625839233,0.23153525590896606,0.5342709422111511,0.9602355360984802,-2.5504483669125015,0.007400134349931788,-0.2715812849781501
0.24,-0.40039321780204773,0.011021167039871216,0.15120409429073334,-0.1427786946296692,0.7405186295509338,0.22759276628494263,0.5289362072944641,0.9587954878807068,-2.5504483669125015,0.007400134349931788,-0.2715812849781501
0.25,-0.4123603403568268,0.01138390600681305,0.16081902384757996,-0.13966327905654907,0.7454772591590881,0.22385981678962708,0.521896243095398,0.9565760493278503,-2.5504483669125015,0.007400134349931788,-0.2715812849781501
0.26,-0.42406633496284485,0.011829022318124771,0.17040464282035828,-0.13617433607578278,0.7500799298286438,0.21990005671977997,0.5147659778594971,0.9539406895637512,-2.5504483669125015,0.007400134349931788,-0.2715812849781501
0.27,-0.43601784110069275,0.012175347656011581,0.18049442768096924,-0.13234682381153107,0.754832923412323,0.21533848345279694,0.5078616142272949,0.9517657160758972,-2.5504483669125015,0.007400134349931788,-0.2715812849781501
0.28,-0.44800618290901184,0.0129011832177639,0.190618097782135,-0.12850014865398407,0.7600883841514587,0.2105797678232193,0.5006747841835022,0.9500681757926941,-2.5504483669125015,0.007400134349931788,-0.2715812849781501
0.29,-0.46039193868637085,0.012905947864055634,0.20114290714263916,-0.12448076903820038,0.764881432056427,0.2061472237110138,0.49296751618385315,0.948184072971344,-2.5504483669125015,0.007400134349931788,-0.2715812849781501
0.3,-0.4743921160697937,0.012734323740005493,0.21323925256729126,-0.12079913914203644,0.7697142958641052,0.2033330500125885,0.48481085896492004,0.9457502961158752,-2.5504483669125015,0.007400134349931788,-0.2715812849781501
0.31,-0.4892491400241852,0.012820221483707428,0.22608250379562378,-0.11763523519039154,0.7755904793739319,0.2017359584569931,0.47587987780570984,0.9431405663490295,-2.5504483669125015,0.007400134349931788,-0.2715812849781501
0.32,-0.5044354796409607,0.013026375323534012,0.23887816071510315,-0.11325003206729889,0.7810983061790466,0.19935385882854462,0.46747875213623047,0.9417788982391357,-2.5504483669125015,0.007400134349931788,-0.2715812849781501
0.33,-0.520622968673706,0.013216853141784668,0.25243788957595825,-0.10814134776592255,0.7871591448783875,0.19461515545845032,0.4598595201969147,0.9427525997161865,-2.5504483669125015,0.007400134349931788,-0.2715812849781501
0.34,-0.5372110605239868,0.012832898646593094,0.2648555338382721,-0.10314631462097168,0.7920154929161072,0.18894092738628387,0.4513484239578247,0.9428240656852722,-2.5504483669125015,0.007400134349931788,-0.2715812849781501
0.35000000000000003,-0.5537246465682983,0.012175396084785461,0.27706459164619446,-0.09735050797462463,0.7972458004951477,0.18372811377048492,0.4428469240665436,0.9424416422843933,-2.5504483669125015,0.007400134349931788,-0.2715812849781501
0.36,-0.5711574554443359,0.01175886020064354,0.2892438471317291,-0.09131360054016113,0.8038590550422668,0.17853112518787384,0.43368563055992126,0.9428776502609253,-2.5504483669125015,0.007400134349931788,-0.2715812849781501
0.37,-0.588972270488739,0.010817188769578934,0.3017178177833557,-0.086235910654068,0.8099457621574402,0.1728665679693222,0.42355749011039734,0.9436469674110413,-2.5504483669125015,0.007400134349931788,-0.2715812849781501
0.38,-0.6078092455863953,0.01007738709449768,0.31555241346359253,-0.08019818365573883,0.81627357006073,0.16821515560150146,0.4132118225097656,0.9436329007148743,-2.5504483669125015,0.007400134349931788,-0.2715812849781501
0.39,-0.628610372543335,0.010060235857963562,0.32965680956840515,-0.0744829773902893,0.8245067596435547,0.16305086016654968,0.4026390016078949,0.9447399973869324,-2.5504483669125015,0.007400134349931788,-0.2715812849781501
0.4,-0.6492959260940552,0.009433351457118988,0.3431984782218933,-0.06857110559940338,0.8323480486869812,0.15759852528572083,0.39186057448387146,0.9441223740577698,-2.5504483669125015,0.007400134349931788,-0.2715812849781501
0.41000000000000003,-0.6698830127716064,0.007066294550895691,0.356575071811676,-0.0663432627916336,0.8378961682319641,0.1525876820087433,0.38105764985084534,0.9452248811721802,-2.5504483669125015,0.007400134349931788,-0.2715812849781501
0.42,-0.6869863271713257,0.005287915468215942,0.3672678470611572,-0.06863382458686829,0.8414912223815918,0.1546986848115921,0.37032464146614075,0.9419287443161011,-2.5504483669125015,0.007400134349931788,-0.2715812849781501
0.43,-0.6996796131134033,0.0052096545696258545,0.3767160177230835,-0.0671355128288269,0.8464961051940918,0.16092096269130707,0.3630150556564331,0.9402768015861511,-2.5504483669125015,0.007400134349931788,-0.2715812849781501
0.44,-0.7112609148025513,0.006577104330062866,0.38582295179367065,-0.06690242886543274,0.8517415523529053,0.16364814341068268,0.35844677686691284,0.9445555210113525,-2.5504483669125015,0.007400134349931788,-0.2715812849781501
0.45,-0.7188687920570374,0.0062485188245773315,0.39202457666397095,-0.06672121584415436,0.8554794788360596,0.16529417037963867,0.35410651564598083,0.9432660937309265,-2.5504483669125015,0.007400134349931788,-0.2715812849781501
0.46,-0.7280983924865723,0.0063978880643844604,0.3995509445667267,-0.06560806930065155,0.8583946824073792,0.16590480506420135,0.35016098618507385,0.9449049830436707,-2.5504483669125015,0.007400134349931788,-0.2715812849781501
0.47000000000000003,-0.7374559640884399,0.006198354065418243,0.4069693684577942,-0.0655672550201416,0.8617607951164246,0.16656242311000824,0.3456057012081146,0.9447728991508484,-2.5504483669125015,0.007400134349931788,-0.2715812849781501
0.48,-0.7462301850318909,0.005895532667636871,0.41418612003326416,-0.06483419239521027,0.8643843531608582,0.1677965670824051,0.34125834703445435,0.9448345303535461,-2.5504483669125015,0.007400134349931788,-0.2715812849781501
0.49,-0.7539068460464478,0.005788605660200119,0.42052388191223145,-0.06412206590175629,0.867722749710083,0.16918207705020905,0.3388611972332001,0.9475293755531311,-2.5504483669125015,0.007400134349931788,-0.2715812849781501
0.0,-0.32409051060676575,-0.10681869089603424,0.011158324778079987,-0.10281328856945038,0.8545837998390198,0.09060290455818176,0.6587742567062378,0.11439011991024017,-2.295194611988701,-0.17793069633515268,-0.33508490053017614
0.01,-0.2140055000782013,-0.05941890552639961,-0.05500435084104538,-0.28317925333976746,0.7268478274345398,0.06197633966803551,0.7313985824584961,1.0516245365142822,-2.295194611988701,-0.17793069633515268,-0.33508490053017614
0.02,-0.13182927668094635,-0.026911325752735138,0.08255621790885925,-0.17990975081920624,0.4833815097808838,0.3833862543106079,0.6983758807182312,0.8203381896018982,-2.295194611988701,-0.17793069633515268,-0.33508490053017614
0.03,-0.3113345801830292,-0.020623881369829178,0.06404547393321991,-0.3011972904205322,0.6961366534233093,0.3645187020301819,0.5765838027000427,0.8321440815925598,-2.295194611988701,-0.17793069633515268,-0.33508490053017614
0.04,-0.199756920337677,-0.021244175732135773,0.006417661905288696,-0.24389822781085968,0.632921040058136,0.3504992723464966,0.6507967710494995,0.9558444619178772,-2.295194611988701,-0.17793069633515268,-0.33508490053017614
0.05,-0.27366697788238525,-0.00963187962770462,0.1031801775097847,-0.24851112067699432,0.6356460452079773,0.3688702881336212,0.6352303624153137,0.9019712209701538,-2.295194611988701,-0.17793069633515268,-0.33508490053017614
0.06,-0.2570696175098419,-0.023307837545871735,0.04616764560341835,-0.25620004534721375,0.6583786606788635,0.3464488089084625,0.6097572445869446,0.9080303907394409,-2.295194611988701,-0.17793069633515268,-0.33508490053017614
0.07,-0.2745524048805237,-0.009567506611347198,0.08578813821077347,-0.23644433915615082,0.6490676403045654,0.3552163541316986,0.6251861453056335,0.9206202626228333,-2.295194611988701,-0.17793069633515268,-0.33508490053017614
0.08,-0.28266382217407227,-0.018133163452148438,0.07457160949707031,-0.24349237978458405,0.6642002463340759,0.3381081819534302,0.6076810359954834,0.917066216468811,-2.295194611988701,-0.17793069633515268,-0.33508490053017614
0.09,-0.2890452444553375,-0.012028992176055908,0.08624020218849182,-0.23281250894069672,0.662404477596283,0.34206336736679077,0.6110566854476929,0.9244678616523743,-2.295194611988701,-0.17793069633515268,-0.33508490053017614
0.1,-0.30067405104637146,-0.013992760330438614,0.0899173766374588,-0.23250700533390045,0.6715949773788452,0.33279234170913696,0.6029224991798401,0.9261948466300964,-2.295194611988701,-0.17793069633515268,-0.33508490053017614
0.11,-0.3070651888847351,-0.011878974735736847,0.09475360810756683,-0.22783483564853668,0.675099790096283,0.33051246404647827,0.600662350654602,0.9308797121047974,-2.295194611988701,-0.17793069633515268,-0.33508490053017614
0.12,-0.3161061406135559,-0.011773519217967987,0.10016614198684692,-0.22444306313991547,0.6802518963813782,0.3248540163040161,0.5962285995483398,0.9341720938682556,-2.295194611988701,-0.17793069633515268,-0.33508490053017614
0.13,-0.3238731324672699,-0.010254159569740295,0.1048252210021019,-0.22092095017433167,0.684825599193573,0.32075145840644836,0.5921213626861572,0.9379842877388,-2.295194611988701,-0.17793069633515268,-0.33508490053017614
0.14,-0.3311357796192169,-0.009945068508386612,0.10902459174394608,-0.21713148057460785,0.6890929937362671,0.3154603838920593,0.5882078409194946,0.9402162432670593,-2.295194611988701,-0.17793069633515268,-0.33508490053017614
0.15,-0.3395078480243683,-0.00886375829577446,0.11438656598329544,-0.21354450285434723,0.6940154433250427,0.31081172823905945,0.5847771167755127,0.9431375861167908,-2.295194611988701,-0.17793069633515268,-0.33508490053017614
0.16,-0.34706464409828186,-0.008292030543088913,0.11885323375463486,-0.21021534502506256,0.698914110660553,0.30547934770584106,0.5813976526260376,0.9458826184272766,-2.295194611988701,-0.17793069633515268,-0.33508490053017614
0.17,-0.35483577847480774,-0.007449425756931305,0.12395349889993668,-0.2063879817724228,0.7033093571662903,0.30061256885528564,0.5781862735748291,0.9482199549674988,-2.295194611988701,-0.17793069633515268,-0.33508490053017614
0.18,-0.3627839982509613,-0.006622046232223511,0.12863612174987793,-0.20278571546077728,0.7082439661026001,0.29532700777053833,0.5748694539070129,0.9506329894065857,-2.295194611988701,-0.17793069633515268,-0.33508490053017614
0.19,-0.3712255358695984,-0.005806349217891693,0.13366636633872986,-0.19919344782829285,0.7133011817932129,0.290216326713562,0.5719107985496521,0.953569769859314,-2.295194611988701,-0.17793069633515268,-0.33508490053017614
0.2,-0.3791919946670532,-0.00495443120598793,0.13840946555137634,-0.195737823843956,0.7184116840362549,0.28524050116539,0.5691670179367065,0.9563395380973816,-2.295194611988701,-0.17793069633515268,-0.33508490053017614
0.21,-0.3872532248497009,-0.004660971462726593,0.14374063909053802,-0.19217409193515778,0.7231517434120178,0.2801990509033203,0.5661569237709045,0.9583533406257629,-2.295194611988701,-0.17793069633515268,-0.33508490053017614
0.22,-0.39592376351356506,-0.0039324089884757996,0.15076030790805817,-0.18804514408111572,0.7268171906471252,0.2761096656322479,0.5616995096206665,0.9583186507225037,-2.295194611988701,-0.17793069633515268,-0.33508490053017614
0.23,-0.4057912528514862,-0.003884878009557724,0.15821415185928345,-0.18405474722385406,0.7311348915100098,0.271722674369812,0.5557575225830078,0.9573183655738831,-2.295194611988701,-0.17793069633515268,-0.33508490053017614
0.24,-0.4157504141330719,-0.003593362867832184,0.1663150191307068,-0.17978014051914215,0.7350909113883972,0.2679316997528076,0.5499920845031738,0.955896258354187,-2.295194611988701,-0.17793069633515268,-0.33508490053017614
0.25,-0.4257022440433502,-0.00369870662689209,0.17431285977363586,-0.17562665045261383,0.738859236240387,0.2638745903968811,0.5440003871917725,0.954022228717804,-2.295194611988701,-0.17793069633515268,-0.33508490053017614
0.26,-0.4361335039138794,-0.0032929927110671997,0.18240010738372803,-0.17097161710262299,0.74282306432724,0.26051682233810425,0.5384047031402588,0.952156662940979,-2.295194611988701,-0.17793069633515268,-0.33508490053017614
0.27,-0.4462675452232361,-0.0031513944268226624,0.18975961208343506,-0.16656555235385895,0.7471432089805603,0.2566879987716675,0.5327466726303101,0.9506862163543701,-2.295194611988701,-0.17793069633515268,-0.33508490053017614
0.28,-0.4562159776687622,-0.0026280060410499573,0.19729077816009521,-0.16196168959140778,0.7513346076011658,0.25318676233291626,0.5276961326599121,0.9492086172103882,-2.295194611988701,-0.17793069633515268,-0.33508490053017614
0.29,-0.4659266173839569,-0.0021930597722530365,0.20480123162269592,-0.1571752429008484,0.7554157376289368,0.24939586222171783,0.522515594959259,0.9475824236869812,-2.295194611988701,-0.17793069633515268,-0.33508490053017614
0.3,-0.47578272223472595,-0.0016799084842205048,0.21294349431991577,-0.15161003172397614,0.759356677532196,0.24441789090633392,0.5172781348228455,0.9472154378890991,-2.295194611988701,-0.17793069633515268,-0.33508490053017614
0.31,-0.4865087866783142,-0.002254985272884369,0.22193941473960876,-0.1463448852300644,0.7633082270622253,0.2395017296075821,0.5120593309402466,0.9455910921096802,-2.295194611988701,-0.17793069633515268,-0.33508490053017614
0.32,-0.4983770251274109,-0.0029227472841739655,0.23094314336776733,-0.14091718196868896,0.7660390138626099,0.2356644570827484,0.5058817863464355,0.9432601928710938,-2.295194611988701,-0.17793069633515268,-0.33508490053017614
0.33,-0.5115920305252075,-0.0034816600382328033,0.24014228582382202,-0.13544635474681854,0.7692734599113464,0.23222728073596954,0.49882686138153076,0.9416682124137878,-2.295194611988701,-0.17793069633515268,-0.33508490053017614
0.34,-0.5246526002883911,-0.0034991279244422913,0.24880939722061157,-0.12976601719856262,0.774296760559082,0.2287328988313675,0.49234214425086975,0.9422414898872375,-2.295194611988701,-0.17793069633515268,-0.33508490053017614
0.35000000000000003,-0.537118136882782,-0.0029845871031284332,0.2569468319416046,-0.12384609878063202,0.7790343165397644,0.22395579516887665,0.48678603768348694,0.9436342120170593,-2.295194611988701,-0.17793069633515268,-0.33508490053017614
0.36,-0.5489343404769897,-0.0028997138142585754,0.2646094858646393,-0.11802400648593903,0.7833811640739441,0.2185196727514267,0.4810050129890442,0.9440394639968872,-2.295194611988701,-0.17793069633515268,-0.33508490053017614
0.37,-0.563373863697052,-0.002732556313276291,0.2748957574367523,-0.11198094487190247,0.7885753512382507,0.21289873123168945,0.4748328924179077,0.944988489151001,-2.295194611988701,-0.17793069633515268,-0.33508490053017614
0.38,-0.578449547290802,-0.0027569010853767395,0.2856815457344055,-0.10533995926380157,0.7945967316627502,0.2074238657951355,0.4675167500972748,0.9447970986366272,-2.295194611988701,-0.17793069633515268,-0.33508490053017614
0.39,-0.595889687538147,-0.0024689845740795135,0.29827070236206055,-0.098186194896698,0.8019682765007019,0.20139814913272858,0.4594811499118805,0.9458417296409607,-2.295194611988701,-0.17793069633515268,-0.33508490053017614
0.4,-0.6135538816452026,-0.003823406994342804,0.3102823793888092,-0.09345930814743042,0.808647632598877,0.1951725333929062,0.449127733707428,0.9454395771026611,-2.295194611988701,-0.17793069633515268,-0.33508490053017614
0.41000000000000003,-0.6328161954879761,-0.004635438323020935,0.3232881724834442,-0.08726269006729126,0.8149506449699402,0.19259436428546906,0.43859270215034485,0.9461501240730286,-2.295194611988701,-0.17793069633515268,-0.33508490053017614
0.42,-0.6513427495956421,-0.0045646801590919495,0.3346249759197235,-0.08342601358890533,0.823908805847168,0.19120167195796967,0.42956337332725525,0.9487574696540833,-2.295194611988701,-0.17793069633515268,-0.33508490053017614
0.43,-0.6636842489242554,-0.004411444067955017,0.3418448269367218,-0.08127091825008392,0.8307040333747864,0.18942995369434357,0.42396214604377747,0.9503213763237,-2.295194611988701,-0.17793069633515268,-0.33508490053017614
0.44,-0.6741076707839966,-0.004340838640928268,0.3474757969379425,-0.07784232497215271,0.8348549008369446,0.18724295496940613,0.4190191924571991,0.9511952996253967,-2.295194611988701,-0.17793069633515268,-0.33508490053017614
0.45,-0.6856075525283813,-0.004631225019693375,0.35413098335266113,-0.0749756246805191,0.8401129245758057,0.18464787304401398,0.4136447310447693,0.952179491519928,-2.295194611988701,-0.17793069633515268,-0.33508490053017614
0.46,-0.6961585283279419,-0.005727667361497879,0.36047542095184326,-0.07379919290542603,0.8444546461105347,0.18264047801494598,0.4082322418689728,0.9514718055725098,-2.295194611988701,-0.17793069633515268,-0.33508490053017614
0.47000000000000003,-0.7062866687774658,-0.005928739905357361,0.3664860725402832,-0.0727384090423584,0.848592221736908,0.18134252727031708,0.4032593369483948,0.9515281319618225,-2.295194611988701,-0.17793069633515268,-0.33508490053017614
0.48,-0.7145260572433472,-0.0065079182386398315,0.3716807961463928,-0.07218147814273834,0.8526676297187805,0.17954674363136292,0.3989878296852112,0.9510995745658875,-2.295194611988701,-0.17793069633515268,-0.33508490053017614
0.49,-0.7216971516609192,-0.00722137838602066,0.37604284286499023,-0.07119306921958923,0.8560598492622375,0.17812694609165192,0.3962284326553345,0.9514909982681274,-2.295194611988701,-0.17793069633515268,-0.33508490053017614
0.0,-0.19895502924919128,-0.01559387892484665,-0.045155979692935944,-0.0370778851211071,0.8756054043769836,0.0785263329744339,0.7528114318847656,0.0007477439939975739,-3.173445626389537,-0.08259057934864956,-0.28777169899995303
0.01,-0.08649110794067383,-0.07738055288791656,0.09777065366506577,-0.16108477115631104,0.6342158913612366,-0.07708041369915009,0.6364955902099609,0.0927501767873764,-3.173445626389537,-0.08259057934864956,-0.28777169899995303
0.02,-0.20257562398910522,-0.12764689326286316,-0.03992598503828049,-0.07538115978240967,0.7253912091255188,0.02097127214074135,0.5933946371078491,0.36192891001701355,-3.173445626389537,-0.08259057934864956,-0.28777169899995303
0.03,-0.274789422750473,-0.007188297808170319,-0.038481540977954865,-0.19398826360702515,0.8407680988311768,0.10976967215538025,0.741911768913269,1.1440523862838745,-3.173445626389537,-0.08259057934864956,-0.28777169899995303
0.04,-0.11625666171312332,-0.0051070526242256165,0.013748493045568466,-0.15823246538639069,0.5590687990188599,0.29421138763427734,0.7026740312576294,0.9881567358970642,-3.173445626389537,-0.08259057934864956,-0.28777169899995303
0.05,-0.25484931468963623,0.00044289976358413696,0.055791035294532776,-0.23987410962581635,0.6898964047431946,0.3589153289794922,0.5962849259376526,0.8558756709098816,-3.173445626389537,-0.08259057934864956,-0.28777169899995303
0.06,-0.21909111738204956,0.00812838226556778,0.002581283450126648,-0.2255713790655136,0.7073636651039124,0.3456419110298157,0.6233084201812744,0.9591085314750671,-3.173445626389537,-0.08259057934864956,-0.28777169899995303
0.07,-0.2363128364086151,0.005516864359378815,0.053808458149433136,-0.20507264137268066,0.6743475198745728,0.3452679514884949,0.6322226524353027,0.9466425776481628,-3.173445626389537,-0.08259057934864956,-0.28777169899995303
0.08,-0.24460634589195251,0.006678037345409393,0.038767553865909576,-0.22241583466529846,0.7026897072792053,0.3472384810447693,0.6081939339637756,0.9280716776847839,-3.173445626389537,-0.08259057934864956,-0.28777169899995303
0.09,-0.25254976749420166,0.008228279650211334,0.051528140902519226,-0.20496487617492676,0.6970234513282776,0.3402353525161743,0.6137220859527588,0.9457670450210571,-3.173445626389537,-0.08259057934864956,-0.28777169899995303
0.1,-0.2616102397441864,0.007996581494808197,0.05514262244105339,-0.20656362175941467,0.7053393125534058,0.33485281467437744,0.6047629714012146,0.9421444535255432,-3.173445626389537,-0.08259057934864956,-0.28777169899995303
0.11,-0.2697734534740448,0.008388914167881012,0.061209842562675476,-0.1994446963071823,0.7077060341835022,0.3300662040710449,0.6008210182189941,0.9472677111625671,-3.173445626389537,-0.08259057934864956,-0.28777169899995303
0.12,-0.2794189453125,0.008902519941329956,0.06750456988811493,-0.19540564715862274,0.7131034135818481,0.3246423304080963,0.5953792333602905,0.9499548673629761,-3.173445626389537,-0.08259057934864956,-0.28777169899995303
0.13,-0.2887071669101715,0.00894298404455185,0.07361169904470444,-0.19062048196792603,0.7175650000572205,0.31896722316741943,0.5903489589691162,0.9542815685272217,-3.173445626389537,-0.08259057934864956,-0.28777169899995303
0.14,-0.2985568642616272,0.009537715464830399,0.08030456304550171,-0.1865174025297165,0.7227753400802612,0.31365472078323364,0.5855438113212585,0.9584447145462036,-3.173445626389537,-0.08259057934864956,-0.28777169899995303
0.15,-0.30783629417419434,0.009861286729574203,0.08650588989257812,-0.18225900828838348,0.7274426221847534,0.30798542499542236,0.5805741548538208,0.9624261856079102,-3.173445626389537,-0.08259057934864956,-0.28777169899995303
0.16,-0.3175356388092041,0.010095588862895966,0.09297182410955429,-0.17794853448867798,0.7323744893074036,0.3022950291633606,0.5756903886795044,0.9668062329292297,-3.173445626389537,-0.08259057934864956,-0.28777169899995303
0.17,-0.327413409948349,0.010525528341531754,0.09947440773248672,-0.1737365573644638,0.7376649975776672,0.29657799005508423,0.5710459351539612,0.9719471335411072,-3.173445626389537,-0.08259057934864956,-0.28777169899995303
0.18,-0.3368171751499176,0.010898277163505554,0.10568758100271225,-0.16951940953731537,0.7430155873298645,0.29054883122444153,0.5671316981315613,0.9775182604789734,-3.173445626389537,-0.08259057934864956,-0.28777169899995303
0.19,-0.3460210859775543,0.011230569332838058,0.11157908290624619,-0.16537411510944366,0.7484463453292847,0.28458282351493835,0.5634571313858032,0.9834756851196289,-3.173445626389537,-0.08259057934864956,-0.28777169899995303
0.2,-0.35519203543663025,0.011613041162490845,0.11751256138086319,-0.16117778420448303,0.75377357006073,0.2787496745586395,0.5600227117538452,0.9894536137580872,-3.173445626389537,-0.08259057934864956,-0.28777169899995303
0.21,-0.36471423506736755,0.012240603566169739,0.12349561601877213,-0.15695442259311676,0.7590958476066589,0.27290698885917664,0.5568833351135254,0.9960075616836548,-3.173445626389537,-0.08259057934864956,-0.28777169899995303
0.22,-0.3743680417537689,0.012510009109973907,0.12977823615074158,-0.15257221460342407,0.7642051577568054,0.26708754897117615,0.5533421039581299,1.002184510231018,-3.173445626389537,-0.08259057934864956,-0.28777169899995303
0.23,-0.384412556886673,0.012728795409202576,0.13673467934131622,-0.1480671614408493,0.7697027921676636,0.26141268014907837,0.5496630668640137,1.0077908039093018,-3.173445626389537,-0.08259057934864956,-0.28777169899995303
0.24,-0.3945574164390564,0.01305484026670456,0.14413729310035706,-0.14353282749652863,0.7754346132278442,0.2553941309452057,0.5460855960845947,1.01304292678833,-3.173445626389537,-0.08259057934864956,-0.28777169899995303
0.25,-0.40571609139442444,0.013525225222110748,0.1538347452878952,-0.13877825438976288,0.7802452445030212,0.24985387921333313,0.5409616231918335,1.0155742168426514,-3.173445626389537,-0.08259057934864956,-0.28777169899995303
0.26,-0.41819581389427185,0.013570800423622131,0.16400447487831116,-0.13404837250709534,0.7860410809516907,0.244066521525383,0.5343552827835083,1.0170115232467651,-3.173445626389537,-0.08259057934864956,-0.28777169899995303
0.27,-0.4319021701812744,0.014006458222866058,0.17492321133613586,-0.1289844959974289,0.7917817234992981,0.2382475882768631,0.5273590683937073,1.018008828163147,-3.173445626389537,-0.08259057934864956,-0.28777169899995303
0.28,-0.44557985663414,0.01407400518655777,0.1862044334411621,-0.12457926571369171,0.797432005405426,0.232691690325737,0.5198367238044739,1.0181342363357544,-3.173445626389537,-0.08259057934864956,-0.28777169899995303
0.29,-0.45880603790283203,0.014265231788158417,0.19728705286979675,-0.12031860649585724,0.8025814890861511,0.22774510085582733,0.5122409462928772,1.0182658433914185,-3.173445626389537,-0.08259057934864956,-0.28777169899995303
0.3,-0.47248926758766174,0.014574535191059113,0.20884183049201965,-0.1162896454334259,0.8079612255096436,0.22276316583156586,0.5049934387207031,1.0183082818984985,-3.173445626389537,-0.08259057934864956,-0.28777169899995303
0.31,-0.48637866973876953,0.014412179589271545,0.22043436765670776,-0.1133318692445755,0.8139498829841614,0.21806219220161438,0.49742183089256287,1.018428921699524,-3.173445626389537,-0.08259057934864956,-0.28777169899995303
0.32,-0.4997745454311371,0.013686694204807281,0.23252946138381958,-0.10869388282299042,0.817203164100647,0.2147122174501419,0.4896227717399597,1.0157252550125122,-3.173445626389537,-0.08259057934864956,-0.28777169899995303
0.33,-0.5157064199447632,0.013217173516750336,0.2460351586341858,-0.10488966107368469,0.8227395415306091,0.21163655817508698,0.48115333914756775,1.0141370296478271,-3.173445626389537,-0.08259057934864956,-0.28777169899995303
0.34,-0.532070517539978,0.013043209910392761,0.26063868403434753,-0.09990043938159943,0.8284732699394226,0.20823249220848083,0.4723441004753113,1.0126361846923828,-3.173445626389537,-0.08259057934864956,-0.28777169899995303
0.35000000000000003,-0.5495858788490295,0.01230413094162941,0.2753247022628784,-0.0952901840209961,0.8347567915916443,0.20373742282390594,0.46338894963264465,1.0116994380950928,-3.173445626389537,-0.08259057934864956,-0.28777169899995303
0.36,-0.5689225792884827,0.01128283143043518,0.29140496253967285,-0.08974511921405792,0.8392903804779053,0.19891075789928436,0.4536612033843994,1.012254238128662,-3.173445626389537,-0.08259057934864956,-0.28777169899995303
0.37,-0.5903552770614624,0.010145086795091629,0.30919012427330017,-0.08402781188488007,0.8457844257354736,0.1950175166130066,0.44422775506973267,1.0132354497909546,-3.173445626389537,-0.08259057934864956,-0.28777169899995303
0.38,-0.6112346649169922,0.009240791201591492,0.3256651759147644,-0.0797845870256424,0.8525951504707336,0.1918710321187973,0.43419158458709717,1.0137933492660522,-3.173445626389537,-0.08259057934864956,-0.28777169899995303
0.39,-0.6310092210769653,0.00833197683095932,0.34114640951156616,-0.07634729146957397,0.8576726317405701,0.18990851938724518,0.4233783185482025,1.0120095014572144,-3.173445626389537,-0.08259057934864956,-0.28777169899995303
0.4,-0.6549655199050903,0.007816288620233536,0.35953912138938904,-0.07350525259971619,0.8646959662437439,0.18868184089660645,0.4116981327533722,1.0089472532272339,-3.173445626389537,-0.08259057934864956,-0.28777169899995303
0.41000000000000003,-0.6803531646728516,0.007317204028367996,0.37575703859329224,-0.07007390260696411,0.8734465837478638,0.18912924826145172,0.39927390217781067,1.0066564083099365,-3.173445626389537,-0.08259057934864956,-0.28777169899995303
0.42,-0.7053430080413818,0.007652290165424347,0.3905259370803833,-0.0682583749294281,0.8814261555671692,0.1900337040424347,0.38718369603157043,1.0054926872253418,-3.173445626389537,-0.08259057934864956,-0.28777169899995303
0.43,-0.7245305776596069,0.006705660372972488,0.40438568592071533,-0.06820181012153625,0.8862903118133545,0.1929539293050766,0.3769623339176178,1.0024876594543457,-3.173445626389537,-0.08259057934864956,-0.28777169899995303
0.44,-0.7400835752487183,0.006442047655582428,0.4163559377193451,-0.06730905175209045,0.8889716863632202,0.20030291378498077,0.3676145374774933,1.0024614334106445,-3.173445626389537,-0.08259057934864956,-0.28777169899995303
0.45,-0.7544550895690918,0.008386000990867615,0.4283183813095093,-0.06472213566303253,0.8945910334587097,0.2069891095161438,0.3616730868816376,1.0053348541259766,-3.173445626389537,-0.08259057934864956,-0.28777169899995303
0.46,-0.765561044216156,0.010114803910255432,0.43700820207595825,-0.06293219327926636,0.8982296586036682,0.2091425508260727,0.3568459451198578,1.0076097249984741,-3.173445626389537,-0.08259057934864956,-0.28777169899995303
0.47000000000000003,-0.776669442653656,0.010782204568386078,0.4455519914627075,-0.061540309339761734,0.9007506370544434,0.20948907732963562,0.35082244873046875,1.0081521272659302,-3.173445626389537,-0.08259057934864956,-0.28777169899995303
0.48,-0.789411187171936,0.010761026293039322,0.4547469913959503,-0.06056373193860054,0.9029157757759094,0.2109571397304535,0.3439384996891022,1.0086818933486938,-3.173445626389537,-0.08259057934864956,-0.28777169899995303
0.49,-0.8027907609939575,0.011484898626804352,0.4644997715950012,-0.05966857448220253,0.9053518176078796,0.21526575088500977,0.3374863564968109,1.0099225044250488,-3.173445626389537,-0.08259057934864956,-0.28777169899995303
0.0,-0.17371854186058044,-0.022259343415498734,-0.05952070653438568,-0.021307889372110367,0.8527467846870422,0.05839746817946434,0.7217093706130981,0.004098750650882721,-2.8743090979080783,0.06989082998152153,-0.27492051653690286
0.01,-0.0515415333211422,-0.07515045255422592,0.08159112930297852,-0.13425086438655853,0.6183587908744812,-0.11223983019590378,0.6459050178527832,0.10708855092525482,-2.8743090979080783,0.06989082998152153,-0.27492051653690286
0.02,-0.15869534015655518,-0.10777885466814041,-0.045085541903972626,-0.026059892028570175,0.7078669667243958,-0.02840459533035755,0.5931435823440552,0.38068461418151855,-2.8743090979080783,0.06989082998152153,-0.27492051653690286
0.03,-0.23435568809509277,-0.009896166622638702,-0.055591046810150146,-0.1440010815858841,0.8019693493843079,0.0029839433263987303,0.7317589521408081,1.1262329816818237,-2.8743090979080783,0.06989082998152153,-0.27492051653690286
0.04,-0.12119898200035095,-0.005531877279281616,0.02186889573931694,-0.10268132388591766,0.5296385884284973,0.2275943011045456,0.7023442387580872,0.9615029692649841,-2.8743090979080783,0.06989082998152153,-0.27492051653690286
0.05,-0.25126913189888,0.01543988287448883,0.03818163275718689,-0.2065662294626236,0.6902586817741394,0.2957347631454468,0.5870686769485474,0.8611379265785217,-2.8743090979080783,0.06989082998152153,-0.27492051653690286
0.06,-0.20282024145126343,-0.0018036440014839172,-0.002027086913585663,-0.17690186202526093,0.6667576432228088,0.28333258628845215,0.6216214895248413,0.9599111676216125,-2.8743090979080783,0.06989082998152153,-0.27492051653690286
0.07,-0.24207651615142822,0.0195961594581604,0.057479798793792725,-0.17606817185878754,0.6696144938468933,0.3074514865875244,0.6272205710411072,0.9476963877677917,-2.8743090979080783,0.06989082998152153,-0.27492051653690286
0.08,-0.23323708772659302,0.009320996701717377,0.03331776708364487,-0.18306057155132294,0.6792209148406982,0.2948962152004242,0.6045315265655518,0.9335854053497314,-2.8743090979080783,0.06989082998152153,-0.27492051653690286
0.09,-0.2497357726097107,0.01165500283241272,0.05407452583312988,-0.16898350417613983,0.6784079074859619,0.2945171594619751,0.6091187000274658,0.9447475671768188,-2.8743090979080783,0.06989082998152153,-0.27492051653690286
0.1,-0.259122759103775,0.01485263928771019,0.05389423668384552,-0.17195501923561096,0.6908063888549805,0.28849291801452637,0.5991917252540588,0.9473453164100647,-2.8743090979080783,0.06989082998152153,-0.27492051653690286
0.11,-0.2643369436264038,0.011699598282575607,0.06004144623875618,-0.1629873812198639,0.6895380020141602,0.28069037199020386,0.5982633829116821,0.9529086947441101,-2.8743090979080783,0.06989082998152153,-0.27492051653690286
0.12,-0.27780041098594666,0.01495765894651413,0.0682169646024704,-0.16221481561660767,0.6988444924354553,0.2788182497024536,0.5925508141517639,0.9558150172233582,-2.8743090979080783,0.06989082998152153,-0.27492051653690286
0.13,-0.28469038009643555,0.014361761510372162,0.07237236946821213,-0.1577797383069992,0.7023136019706726,0.27164605259895325,0.5883933305740356,0.9613296985626221,-2.8743090979080783,0.06989082998152153,-0.27492051653690286
0.14,-0.29535946249961853,0.015345409512519836,0.08000083267688751,-0.1543511301279068,0.7081961035728455,0.2674740254878998,0.5842957496643066,0.964926540851593,-2.8743090979080783,0.06989082998152153,-0.27492051653690286
0.15,-0.3043775260448456,0.016104839742183685,0.08518782258033752,-0.15141324698925018,0.7137355208396912,0.2619147300720215,0.5797537565231323,0.9698127508163452,-2.8743090979080783,0.06989082998152153,-0.27492051653690286
0.16,-0.31350255012512207,0.016445491462945938,0.09141306579113007,-0.1475607007741928,0.7184585928916931,0.2566187381744385,0.5758236646652222,0.9741500020027161,-2.8743090979080783,0.06989082998152153,-0.27492051653690286
0.17,-0.3229157030582428,0.017017781734466553,0.09755578637123108,-0.14453662931919098,0.7238426208496094,0.25161707401275635,0.5712425112724304,0.9779123663902283,-2.8743090979080783,0.06989082998152153,-0.27492051653690286
0.18,-0.33181658387184143,0.017240609973669052,0.10354766249656677,-0.1409623771905899,0.7287418246269226,0.2464732825756073,0.5667137503623962,0.9811210036277771,-2.8743090979080783,0.06989082998152153,-0.27492051653690286
0.19,-0.34107813239097595,0.017418645322322845,0.10947129130363464,-0.13778142631053925,0.7340742945671082,0.24145503342151642,0.5620322227478027,0.9834179282188416,-2.8743090979080783,0.06989082998152153,-0.27492051653690286
0.2,-0.35019150376319885,0.01762126386165619,0.11525238305330276,-0.13462874293327332,0.7391963601112366,0.2364054173231125,0.5573336482048035,0.9858639240264893,-2.8743090979080783,0.06989082998152153,-0.27492051653690286
0.21,-0.3593638837337494,0.017665855586528778,0.121335469186306,-0.1310180276632309,0.7441892027854919,0.23134936392307281,0.552453339099884,0.9879096150398254,-2.8743090979080783,0.06989082998152153,-0.27492051653690286
0.22,-0.36873045563697815,0.01785220205783844,0.12755419313907623,-0.12768791615962982,0.7494044899940491,0.2261381447315216,0.5476589798927307,0.9896206259727478,-2.8743090979080783,0.06989082998152153,-0.27492051653690286
0.23,-0.3786385655403137,0.01797337830066681,0.13430443406105042,-0.12432846426963806,0.7547087073326111,0.22065283358097076,0.5431878566741943,0.9917760491371155,-2.8743090979080783,0.06989082998152153,-0.27492051653690286
0.24,-0.3879660367965698,0.018106110394001007,0.14079007506370544,-0.12125034630298615,0.7608373761177063,0.21472032368183136,0.5391634702682495,0.9950577616691589,-2.8743090979080783,0.06989082998152153,-0.27492051653690286
0.25,-0.3964431881904602,0.017725706100463867,0.1467631757259369,-0.11836056411266327,0.7664132118225098,0.20886684954166412,0.5358579158782959,0.9969817996025085,-2.8743090979080783,0.06989082998152153,-0.27492051653690286
0.26,-0.4061419367790222,0.01718173548579216,0.15393587946891785,-0.11581547558307648,0.7719247937202454,0.20374366641044617,0.5316957831382751,0.9985749125480652,-2.8743090979080783,0.06989082998152153,-0.27492051653690286
0.27,-0.41719117760658264,0.017642393708229065,0.16340583562850952,-0.11220808327198029,0.7764604091644287,0.19971656799316406,0.5257588624954224,0.9973616003990173,-2.8743090979080783,0.06989082998152153,-0.27492051653690286
0.28,-0.42988792061805725,0.017386160790920258,0.17377245426177979,-0.10805948078632355,0.782463014125824,0.1942061334848404,0.5185500979423523,0.9960963129997253,-2.8743090979080783,0.06989082998152153,-0.27492051653690286
0.29,-0.44344809651374817,0.017651434987783432,0.18454697728157043,-0.10417047142982483,0.789160430431366,0.1884303241968155,0.5119044184684753,0.9960524439811707,-2.8743090979080783,0.06989082998152153,-0.27492051653690286
0.3,-0.4565044939517975,0.01686941832304001,0.19539183378219604,-0.10093128681182861,0.7943500876426697,0.18311503529548645,0.504709005355835,0.9938448071479797,-2.8743090979080783,0.06989082998152153,-0.27492051653690286
0.31,-0.4705641567707062,0.01647789031267166,0.2070845663547516,-0.09805876016616821,0.7996233105659485,0.17955389618873596,0.4966094195842743,0.9910908341407776,-2.8743090979080783,0.06989082998152153,-0.27492051653690286
0.32,-0.4856661558151245,0.015659596771001816,0.21997323632240295,-0.0943794846534729,0.8050118684768677,0.177005335688591,0.4882951080799103,0.9883831739425659,-2.8743090979080783,0.06989082998152153,-0.27492051653690286
0.33,-0.502449631690979,0.01545679196715355,0.23402926325798035,-0.09073181450366974,0.8113359212875366,0.17452260851860046,0.48030686378479004,0.9870394468307495,-2.8743090979080783,0.06989082998152153,-0.27492051653690286
0.34,-0.5187972187995911,0.01527886837720871,0.24780088663101196,-0.08721597492694855,0.8174764513969421,0.17185799777507782,0.4716775715351105,0.985073983669281,-2.8743090979080783,0.06989082998152153,-0.27492051653690286
0.35000000000000003,-0.5366960167884827,0.015032880008220673,0.26202866435050964,-0.08253791928291321,0.8226826190948486,0.168060764670372,0.4610809087753296,0.9842227101325989,-2.8743090979080783,0.06989082998152153,-0.27492051653690286
0.36,-0.5566291809082031,0.014356434345245361,0.2776392102241516,-0.07719634473323822,0.8295074105262756,0.16364382207393646,0.4504718482494354,0.9836894869804382,-2.8743090979080783,0.06989082998152153,-0.27492051653690286
0.37,-0.5774183869361877,0.013366930186748505,0.29348641633987427,-0.07338777184486389,0.8356596231460571,0.15877017378807068,0.43953534960746765,0.9831966757774353,-2.8743090979080783,0.06989082998152153,-0.27492051653690286
0.38,-0.5975617170333862,0.012309081852436066,0.30926454067230225,-0.06893323361873627,0.8403039574623108,0.1552232950925827,0.427417129278183,0.981128454208374,-2.8743090979080783,0.06989082998152153,-0.27492051653690286
0.39,-0.6206931471824646,0.01136341318488121,0.3264961540699005,-0.06406885385513306,0.8471497893333435,0.1522333025932312,0.41493257880210876,0.9813420176506042,-2.8743090979080783,0.06989082998152153,-0.27492051653690286
0.4,-0.6455204486846924,0.011132799088954926,0.34543004631996155,-0.06028970703482628,0.8543463349342346,0.15018980205059052,0.40245476365089417,0.9802347421646118,-2.8743090979080783,0.06989082998152153,-0.27492051653690286
0.41000000000000003,-0.6713122129440308,0.00840417668223381,0.36535945534706116,-0.05933697149157524,0.8622948527336121,0.14920870959758759,0.38807469606399536,0.9741554260253906,-2.8743090979080783,0.06989082998152153,-0.27492051653690286
0.42,-0.6937834024429321,0.0061356909573078156,0.3810754120349884,-0.06023450568318367,0.8660755753517151,0.15336455404758453,0.37320011854171753,0.9697529077529907,-2.8743090979080783,0.06989082998152153,-0.27492051653690286
0.43,-0.7152014970779419,0.007364053279161453,0.3959835171699524,-0.05762758478522301,0.8715290427207947,0.16222403943538666,0.36216655373573303,0.9704110622406006,-2.8743090979080783,0.06989082998152153,-0.27492051653690286
0.44,-0.7325149774551392,0.00967787578701973,0.40963971614837646,-0.05702982470393181,0.8774442672729492,0.1687171906232834,0.35461798310279846,0.9742792248725891,-2.8743090979080783,0.06989082998152153,-0.27492051653690286
0.45,-0.7434861660003662,0.010546378791332245,0.41868484020233154,-0.05617804452776909,0.88013756275177,0.17329515516757965,0.34842970967292786,0.9746437072753906,-2.8743090979080783,0.06989082998152153,-0.27492051653690286
0.46,-0.7541462182998657,0.011284507811069489,0.4275497794151306,-0.055327337235212326,0.8826910853385925,0.1762697696685791,0.34395045042037964,0.9767230749130249,-2.8743090979080783,0.06989082998152153,-0.27492051653690286
0.47000000000000003,-0.7634315490722656,0.011580348014831543,0.43487584590911865,-0.055712636560201645,0.8850520253181458,0.17872856557369232,0.33934861421585083,0.9771474599838257,-2.8743090979080783,0.06989082998152153,-0.27492051653690286
0.48,-0.7713973522186279,0.012091036885976791,0.4419541358947754,-0.05531584843993187,0.8864222168922424,0.18141156435012817,0.33529338240623474,0.9779811501502991,-2.8743090979080783,0.06989082998152153,-0.27492051653690286
0.49,-0.7795401215553284,0.012894392013549805,0.4495115578174591,-0.05474936589598656,0.8882783055305481,0.18381190299987793,0.33163711428642273,0.9801576137542725,-2.8743090979080783,0.06989082998152153,-0.27492051653690286
0.0,-0.33666884899139404,-0.10646764934062958,0.027123838663101196,-0.11161907017230988,0.8193574547767639,0.09933286160230637,0.6239042282104492,0.11835497617721558,-2.1717466796544143,-0.21467584021157438,-0.28166360334019835
0.01,-0.2454017996788025,-0.057409703731536865,-0.0319366529583931,-0.27364927530288696,0.7069243788719177,0.08550459891557693,0.6830465793609619,1.046137809753418,-2.1717466796544143,-0.21467584021157438,-0.28166360334019835
0.02,-0.12441232055425644,-0.02298624813556671,0.07878816872835159,-0.18188950419425964,0.48155325651168823,0.3792525827884674,0.6743866205215454,0.7901952862739563,-2.1717466796544143,-0.21467584021157438,-0.28166360334019835
0.03,-0.31537994742393494,-0.025446556508541107,0.07722239196300507,-0.2883971035480499,0.6654323935508728,0.34885603189468384,0.5502520203590393,0.8096433877944946,-2.1717466796544143,-0.21467584021157438,-0.28166360334019835
0.04,-0.21058866381645203,-0.01831258088350296,0.02139781229197979,-0.2372674196958542,0.6207751631736755,0.34733882546424866,0.6150020360946655,0.9195981025695801,-2.1717466796544143,-0.21467584021157438,-0.28166360334019835
0.05,-0.2755472660064697,-0.01207755133509636,0.1053207740187645,-0.23677097260951996,0.6186226010322571,0.35125088691711426,0.6061500310897827,0.8808724284172058,-2.1717466796544143,-0.21467584021157438,-0.28166360334019835
0.06,-0.2640128433704376,-0.021507058292627335,0.06000692769885063,-0.24581049382686615,0.6401564478874207,0.3362586498260498,0.5811869502067566,0.8819953799247742,-2.1717466796544143,-0.21467584021157438,-0.28166360334019835
0.07,-0.2775430977344513,-0.01202458143234253,0.09024343639612198,-0.2274760752916336,0.6321800351142883,0.34109586477279663,0.5942624807357788,0.8953540325164795,-2.1717466796544143,-0.21467584021157438,-0.28166360334019835
0.08,-0.28660711646080017,-0.016650326550006866,0.08454503118991852,-0.23245291411876678,0.6460371017456055,0.32847529649734497,0.5802556276321411,0.8937381505966187,-2.1717466796544143,-0.21467584021157438,-0.28166360334019835
0.09,-0.29227378964424133,-0.013181954622268677,0.09284128993749619,-0.22403602302074432,0.6458447575569153,0.32884302735328674,0.5815320014953613,0.8996952176094055,-2.1717466796544143,-0.21467584021157438,-0.28166360334019835
0.1,-0.3018943965435028,-0.013960093259811401,0.09662184119224548,-0.22263438999652863,0.6532418727874756,0.32135406136512756,0.5760835409164429,0.9019948840141296,-2.1717466796544143,-0.21467584021157438,-0.28166360334019835
0.11,-0.30743417143821716,-0.01247146725654602,0.10074023902416229,-0.2184738963842392,0.6560618281364441,0.3177507221698761,0.5734653472900391,0.9046054482460022,-2.1717466796544143,-0.21467584021157438,-0.28166360334019835
0.12,-0.3158179819583893,-0.012308672070503235,0.10591483116149902,-0.21490661799907684,0.6604135632514954,0.31222739815711975,0.5690879821777344,0.9063270688056946,-2.1717466796544143,-0.21467584021157438,-0.28166360334019835
0.13,-0.3229961395263672,-0.011330220848321915,0.10993573814630508,-0.21152545511722565,0.6649296283721924,0.30748388171195984,0.5653059482574463,0.9089964628219604,-2.1717466796544143,-0.21467584021157438,-0.28166360334019835
0.14,-0.330340176820755,-0.01078612357378006,0.11460309475660324,-0.20774497091770172,0.668846845626831,0.30232515931129456,0.5615288019180298,0.9112089276313782,-2.1717466796544143,-0.21467584021157438,-0.28166360334019835
0.15,-0.33817023038864136,-0.010003563016653061,0.11932849884033203,-0.20403017103672028,0.673399031162262,0.29735487699508667,0.557786226272583,0.9134713411331177,-2.1717466796544143,-0.21467584021157438,-0.28166360334019835
0.16,-0.3464190363883972,-0.009197317063808441,0.12429347634315491,-0.20028235018253326,0.6784263253211975,0.2920796871185303,0.5545542240142822,0.9163777232170105,-2.1717466796544143,-0.21467584021157438,-0.28166360334019835
0.17,-0.3544199466705322,-0.00828494131565094,0.12892559170722961,-0.19662155210971832,0.6835743188858032,0.28673797845840454,0.5520702600479126,0.9193419218063354,-2.1717466796544143,-0.21467584021157438,-0.28166360334019835
0.18,-0.36262959241867065,-0.007706105709075928,0.13492906093597412,-0.1922285407781601,0.6875537037849426,0.28158628940582275,0.548775315284729,0.9200709462165833,-2.1717466796544143,-0.21467584021157438,-0.28166360334019835
0.19,-0.37298616766929626,-0.007451638579368591,0.14206327497959137,-0.18780256807804108,0.6923266649246216,0.27659064531326294,0.5438921451568604,0.9203429818153381,-2.1717466796544143,-0.21467584021157438,-0.28166360334019835
0.2,-0.3834218680858612,-0.006671182811260223,0.1492612659931183,-0.18358074128627777,0.6973623037338257,0.27210530638694763,0.5387413501739502,0.9208037853240967,-2.1717466796544143,-0.21467584021157438,-0.28166360334019835
0.21,-0.39282020926475525,-0.006693493574857712,0.1565476506948471,-0.17867080867290497,0.7010484337806702,0.2670226991176605,0.5333775281906128,0.9193478226661682,-2.1717466796544143,-0.21467584021157438,-0.28166360334019835
0.22,-0.40351662039756775,-0.006372127681970596,0.16436433792114258,-0.1741785854101181,0.7054193615913391,0.2629801630973816,0.5277517437934875,0.9183310270309448,-2.1717466796544143,-0.21467584021157438,-0.28166360334019835
0.23,-0.4137597680091858,-0.0060219354927539825,0.17200440168380737,-0.16972588002681732,0.7098063826560974,0.25892317295074463,0.5221187472343445,0.917181670665741,-2.1717466796544143,-0.21467584021157438,-0.28166360334019835
0.24,-0.42434442043304443,-0.005508940666913986,0.17962172627449036,-0.16510280966758728,0.7144929766654968,0.2548460066318512,0.5168014764785767,0.9158810973167419,-2.1717466796544143,-0.21467584021157438,-0.28166360334019835
0.25,-0.4345724880695343,-0.005055971443653107,0.18709436058998108,-0.16049955785274506,0.7189778089523315,0.25067806243896484,0.5114679932594299,0.914203941822052,-2.1717466796544143,-0.21467584021157438,-0.28166360334019835
0.26,-0.44459789991378784,-0.004768721759319305,0.1947638988494873,-0.1559297740459442,0.7233677506446838,0.24674619734287262,0.5059971213340759,0.9121560454368591,-2.1717466796544143,-0.21467584021157438,-0.28166360334019835
0.27,-0.45511677861213684,-0.004426531493663788,0.2024206817150116,-0.1514378935098648,0.7281256318092346,0.2431119829416275,0.5004824995994568,0.9103634357452393,-2.1717466796544143,-0.21467584021157438,-0.28166360334019835
0.28,-0.4655456840991974,-0.004089053720235825,0.21035826206207275,-0.14640788733959198,0.7326328158378601,0.23851367831230164,0.49563318490982056,0.9099162220954895,-2.1717466796544143,-0.21467584021157438,-0.28166360334019835
0.29,-0.4758259952068329,-0.003923323005437851,0.21903496980667114,-0.14118988811969757,0.7369842529296875,0.23351390659809113,0.491072416305542,0.9093642830848694,-2.1717466796544143,-0.21467584021157438,-0.28166360334019835
0.3,-0.48730146884918213,-0.0040536485612392426,0.22787246108055115,-0.1358732432126999,0.7403421998023987,0.22865605354309082,0.4848727583885193,0.9080104231834412,-2.1717466796544143,-0.21467584021157438,-0.28166360334019835
0.31,-0.49954020977020264,-0.004075631499290466,0.23650598526000977,-0.1300865113735199,0.7435019016265869,0.22488126158714294,0.47767016291618347,0.9071056246757507,-2.1717466796544143,-0.21467584021157438,-0.28166360334019835
0.32,-0.5118423104286194,-0.0042257159948349,0.24436640739440918,-0.1245986819267273,0.7480624318122864,0.22086410224437714,0.4710294306278229,0.907464861869812,-2.1717466796544143,-0.21467584021157438,-0.28166360334019835
0.33,-0.5246056318283081,-0.0036408081650733948,0.2528218626976013,-0.11842495203018188,0.753301203250885,0.2160934954881668,0.46540316939353943,0.9092898964881897,-2.1717466796544143,-0.21467584021157438,-0.28166360334019835
0.34,-0.5375012159347534,-0.003600403666496277,0.26164981722831726,-0.1127290278673172,0.7585169076919556,0.2105145901441574,0.45956793427467346,0.9098188281059265,-2.1717466796544143,-0.21467584021157438,-0.28166360334019835
0.35000000000000003,-0.5525697469711304,-0.003234945237636566,0.27234628796577454,-0.10660354793071747,0.7640300393104553,0.20527061820030212,0.45263954997062683,0.910308837890625,-2.1717466796544143,-0.21467584021157438,-0.28166360334019835
0.36,-0.5680776238441467,-0.003120929002761841,0.28313976526260376,-0.10092265903949738,0.7702858448028564,0.19961266219615936,0.4446750283241272,0.9107139110565186,-2.1717466796544143,-0.21467584021157438,-0.28166360334019835
0.37,-0.5839345455169678,-0.0034621059894561768,0.2946276068687439,-0.09559312462806702,0.7767964601516724,0.1940181404352188,0.43614426255226135,0.9105204939842224,-2.1717466796544143,-0.21467584021157438,-0.28166360334019835
0.38,-0.6004337072372437,-0.004529695957899094,0.30547699332237244,-0.092098668217659,0.7836079001426697,0.18923123180866241,0.42735210061073303,0.9101234674453735,-2.1717466796544143,-0.21467584021157438,-0.28166360334019835
0.39,-0.6152134537696838,-0.005366295576095581,0.3155742883682251,-0.08813828229904175,0.7897762656211853,0.18754689395427704,0.4196971356868744,0.9101158976554871,-2.1717466796544143,-0.21467584021157438,-0.28166360334019835
0.4,-0.6293016672134399,-0.005100570619106293,0.32432693243026733,-0.0848095566034317,0.795879065990448,0.18594203889369965,0.41319897770881653,0.9131171107292175,-2.1717466796544143,-0.21467584021157438,-0.28166360334019835
0.41000000000000003,-0.6410610675811768,-0.0050479210913181305,0.33053043484687805,-0.08199408650398254,0.8005372881889343,0.1839858740568161,0.4066568911075592,0.9140235781669617,-2.1717466796544143,-0.21467584021157438,-0.28166360334019835
0.42,-0.6529507040977478,-0.005391448736190796,0.3368811011314392,-0.07862094044685364,0.805877685546875,0.1816868782043457,0.4013667702674866,0.9151033759117126,-2.1717466796544143,-0.21467584021157438,-0.28166360334019835
0.43,-0.6639741063117981,-0.005629792809486389,0.34249019622802734,-0.07655800879001617,0.8105219006538391,0.17925789952278137,0.396243155002594,0.9156689047813416,-2.1717466796544143,-0.21467584021157438,-0.28166360334019835
0.44,-0.6736500263214111,-0.006425797939300537,0.3480408191680908,-0.07505770027637482,0.8145036101341248,0.1774424910545349,0.3917343318462372,0.915073573589325,-2.1717466796544143,-0.21467584021157438,-0.28166360334019835
0.45,-0.6827520132064819,-0.007048182189464569,0.3530411720275879,-0.07364863157272339,0.8185809254646301,0.17586399614810944,0.38826048374176025,0.9157024025917053,-2.1717466796544143,-0.21467584021157438,-0.28166360334019835
0.46,-0.6905518770217896,-0.007022850215435028,0.3574627935886383,-0.07268926501274109,0.8222945332527161,0.1744297742843628,0.3854755163192749,0.9165089726448059,-2.1717466796544143,-0.21467584021157438,-0.28166360334019835
0.47000000000000003,-0.6971255540847778,-0.007326733320951462,0.3614685833454132,-0.07148490846157074,0.8254391551017761,0.17276109755039215,0.3831258714199066,0.9167913794517517,-2.1717466796544143,-0.21467584021157438,-0.28166360334019835
0.48,-0.7039238214492798,-0.007575672119855881,0.36565515398979187,-0.07039380073547363,0.8287131190299988,0.1708698570728302,0.38074231147766113,0.9174982905387878,-2.1717466796544143,-0.21467584021157438,-0.28166360334019835
0.49,-0.7107501029968262,-0.007624980062246323,0.3694348931312561,-0.06992650032043457,0.8323098421096802,0.16960409283638,0.37922412157058716,0.9185253381729126,-2.1717466796544143,-0.21467584021157438,-0.28166360334019835
0.0,-0.3594270646572113,-0.09763552248477936,0.0421561524271965,-0.12904313206672668,0.8478206992149353,0.1284434050321579,0.6607336401939392,0.09028194844722748,-2.576490475914945,-0.40767370915295154,-0.28858011305899467
0.01,-0.3135094940662384,-0.08628299832344055,-0.006635576486587524,-0.31451889872550964,0.7494049668312073,0.13537003099918365,0.6813317537307739,0.9491885304450989,-2.576490475914945,-0.40767370915295154,-0.28858011305899467
0.02,-0.13391542434692383,-0.013566263020038605,0.04493645951151848,-0.22444601356983185,0.5080394744873047,0.4368087947368622,0.659143328666687,0.8602967858314514,-2.576490475914945,-0.40767370915295154,-0.28858011305899467
0.03,-0.3112580180168152,-0.03940971940755844,0.09010471403598785,-0.30719003081321716,0.6769134402275085,0.3972194790840149,0.5728121995925903,0.8073797821998596,-2.576490475914945,-0.40767370915295154,-0.28858011305899467
0.04,-0.23734936118125916,-0.01613396406173706,0.030290016904473305,-0.2685103118419647,0.6483622193336487,0.40662118792533875,0.6156220436096191,0.9305053353309631,-2.576490475914945,-0.40767370915295154,-0.28858011305899467
0.05,-0.27575525641441345,-0.020691178739070892,0.09929193556308746,-0.2652551829814911,0.6373492479324341,0.3938935399055481,0.6090207099914551,0.8891712427139282,-2.576490475914945,-0.40767370915295154,-0.28858011305899467
0.06,-0.2786754071712494,-0.025685735046863556,0.06485554575920105,-0.27392956614494324,0.6620853543281555,0.39087975025177,0.5880811214447021,0.887543261051178,-2.576490475914945,-0.40767370915295154,-0.28858011305899467
0.07,-0.2883581221103668,-0.01742565631866455,0.0916057676076889,-0.2551455795764923,0.6545363664627075,0.3905141353607178,0.5992124080657959,0.9092040657997131,-2.576490475914945,-0.40767370915295154,-0.28858011305899467
0.08,-0.29719987511634827,-0.02213449776172638,0.08718027174472809,-0.2597869336605072,0.6671276688575745,0.3799378275871277,0.5870707035064697,0.90567946434021,-2.576490475914945,-0.40767370915295154,-0.28858011305899467
0.09,-0.3056650161743164,-0.018443863838911057,0.0977189913392067,-0.2492058128118515,0.6670945286750793,0.38050341606140137,0.5879126787185669,0.9160338044166565,-2.576490475914945,-0.40767370915295154,-0.28858011305899467
0.1,-0.3157351613044739,-0.01913299411535263,0.1011894941329956,-0.24795489013195038,0.6759439706802368,0.37328583002090454,0.5824083089828491,0.920346200466156,-2.576490475914945,-0.40767370915295154,-0.28858011305899467
0.11,-0.32346510887145996,-0.017697609961032867,0.10754416882991791,-0.24193044006824493,0.6783141493797302,0.37015315890312195,0.5802570581436157,0.9269794821739197,-2.576490475914945,-0.40767370915295154,-0.28858011305899467
0.12,-0.33353209495544434,-0.017559342086315155,0.11305555701255798,-0.23868347704410553,0.68448805809021,0.36526578664779663,0.5760970115661621,0.9311187863349915,-2.576490475914945,-0.40767370915295154,-0.28858011305899467
0.13,-0.34266310930252075,-0.016588211059570312,0.11910869926214218,-0.23452065885066986,0.6886330246925354,0.36139655113220215,0.5727547407150269,0.9359133839607239,-2.576490475914945,-0.40767370915295154,-0.28858011305899467
0.14,-0.3532963693141937,-0.016400273889303207,0.12668439745903015,-0.23005975782871246,0.6929511427879333,0.35728520154953003,0.5675406455993652,0.9380330443382263,-2.576490475914945,-0.40767370915295154,-0.28858011305899467
0.15,-0.3653015196323395,-0.01575423777103424,0.13443320989608765,-0.22566558420658112,0.6983416676521301,0.35327452421188354,0.5618147253990173,0.9406971335411072,-2.576490475914945,-0.40767370915295154,-0.28858011305899467
0.16,-0.3763957917690277,-0.01499849557876587,0.14177635312080383,-0.22140111029148102,0.7038425803184509,0.349060595035553,0.5562905073165894,0.9430045485496521,-2.576490475914945,-0.40767370915295154,-0.28858011305899467
0.17,-0.3870398700237274,-0.014468446373939514,0.1490021049976349,-0.21693317592144012,0.7089148163795471,0.34464332461357117,0.5508164167404175,0.9452105164527893,-2.576490475914945,-0.40767370915295154,-0.28858011305899467
0.18,-0.3978252708911896,-0.01388503611087799,0.15642401576042175,-0.21246486902236938,0.7141022682189941,0.34034430980682373,0.5453990697860718,0.9474650025367737,-2.576490475914945,-0.40767370915295154,-0.28858011305899467
0.19,-0.408687561750412,-0.013257838785648346,0.16419118642807007,-0.2076960802078247,0.7192720770835876,0.33586686849594116,0.5401556491851807,0.9500299692153931,-2.576490475914945,-0.40767370915295154,-0.28858011305899467
0.2,-0.41916266083717346,-0.012851990759372711,0.17174255847930908,-0.20270664989948273,0.724083423614502,0.3309124708175659,0.5350670218467712,0.9521912336349487,-2.576490475914945,-0.40767370915295154,-0.28858011305899467
0.21,-0.42988285422325134,-0.01220407709479332,0.1795879602432251,-0.19797448813915253,0.7286906838417053,0.326902836561203,0.530168890953064,0.9538115859031677,-2.576490475914945,-0.40767370915295154,-0.28858011305899467
0.22,-0.4398941695690155,-0.011560644954442978,0.18690621852874756,-0.1932343691587448,0.7333285808563232,0.3229219317436218,0.5253305435180664,0.9550769925117493,-2.576490475914945,-0.40767370915295154,-0.28858011305899467
0.23,-0.4495246410369873,-0.010747693479061127,0.19409582018852234,-0.18844090402126312,0.7375159859657288,0.31867340207099915,0.52056884765625,0.9562821388244629,-2.576490475914945,-0.40767370915295154,-0.28858011305899467
0.24,-0.4590616822242737,-0.010280251502990723,0.20130014419555664,-0.1835690438747406,0.7415384650230408,0.3142910301685333,0.5155346393585205,0.9568212032318115,-2.576490475914945,-0.40767370915295154,-0.28858011305899467
0.25,-0.46892333030700684,-0.010011758655309677,0.20917481184005737,-0.17857560515403748,0.7453768849372864,0.3103609085083008,0.5102682709693909,0.9565368294715881,-2.576490475914945,-0.40767370915295154,-0.28858011305899467
0.26,-0.4794768691062927,-0.009560119360685349,0.2173214554786682,-0.17388547956943512,0.7501317858695984,0.3068612515926361,0.5046547651290894,0.9566015601158142,-2.576490475914945,-0.40767370915295154,-0.28858011305899467
0.27,-0.4903046190738678,-0.009237784892320633,0.22578704357147217,-0.1696862131357193,0.755219578742981,0.30337411165237427,0.49964016675949097,0.9569862484931946,-2.576490475914945,-0.40767370915295154,-0.28858011305899467
0.28,-0.5006165504455566,-0.008660174906253815,0.23402252793312073,-0.16564922034740448,0.759647786617279,0.3004521429538727,0.49399006366729736,0.9571579694747925,-2.576490475914945,-0.40767370915295154,-0.28858011305899467
0.29,-0.5122156739234924,-0.008452828973531723,0.24335843324661255,-0.1612110733985901,0.7649216055870056,0.2971138060092926,0.48864707350730896,0.9581353068351746,-2.576490475914945,-0.40767370915295154,-0.28858011305899467
0.3,-0.5241787433624268,-0.007924478501081467,0.25289833545684814,-0.15764744579792023,0.7710906267166138,0.2943524420261383,0.483556866645813,0.9590754508972168,-2.576490475914945,-0.40767370915295154,-0.28858011305899467
0.31,-0.5353015661239624,-0.007826820015907288,0.26164746284484863,-0.15432114899158478,0.7774112820625305,0.29157525300979614,0.47902485728263855,0.9585738182067871,-2.576490475914945,-0.40767370915295154,-0.28858011305899467
0.32,-0.5460084080696106,-0.007309306412935257,0.27074098587036133,-0.15042102336883545,0.7825666666030884,0.2881556749343872,0.47455623745918274,0.9589114785194397,-2.576490475914945,-0.40767370915295154,-0.28858011305899467
0.33,-0.5562372207641602,-0.007305815815925598,0.2786119282245636,-0.14535540342330933,0.7875034213066101,0.2841704785823822,0.4702076017856598,0.9583033323287964,-2.576490475914945,-0.40767370915295154,-0.28858011305899467
0.34,-0.5672557950019836,-0.0068575479090213776,0.28649720549583435,-0.1402338296175003,0.792846143245697,0.27938494086265564,0.4662320613861084,0.9594747424125671,-2.576490475914945,-0.40767370915295154,-0.28858011305899467
0.35000000000000003,-0.5801162719726562,-0.0063158683478832245,0.29565301537513733,-0.1350972056388855,0.798708438873291,0.2740797996520996,0.46154582500457764,0.9603049159049988,-2.576490475914945,-0.40767370915295154,-0.28858011305899467
0.36,-0.5938721895217896,-0.006001241505146027,0.30550652742385864,-0.12969298660755157,0.8046184182167053,0.2684420049190521,0.4557632505893707,0.9597563147544861,-2.576490475914945,-0.40767370915295154,-0.28858011305899467
0.37,-0.609185516834259,-0.005801599472761154,0.31641557812690735,-0.12373413145542145,0.8109952211380005,0.26241534948349,0.4492351710796356,0.9592727422714233,-2.576490475914945,-0.40767370915295154,-0.28858011305899467
0.38,-0.6261153817176819,-0.005548693239688873,0.3283449411392212,-0.11743925511837006,0.8179474472999573,0.2557621896266937,0.44214048981666565,0.9590283036231995,-2.576490475914945,-0.40767370915295154,-0.28858011305899467
0.39,-0.6435674428939819,-0.006261005997657776,0.34055617451667786,-0.1122637391090393,0.8240557909011841,0.2491491734981537,0.43364912271499634,0.9578127861022949,-2.576490475914945,-0.40767370915295154,-0.28858011305899467
0.4,-0.6624578237533569,-0.007724985480308533,0.3524642586708069,-0.10743580758571625,0.8294072151184082,0.2445313185453415,0.42347997426986694,0.9562439918518066,-2.576490475914945,-0.40767370915295154,-0.28858011305899467
0.41000000000000003,-0.6812180280685425,-0.008309654891490936,0.3631029427051544,-0.10357367992401123,0.8361876606941223,0.24167197942733765,0.41484516859054565,0.9571804404258728,-2.576490475914945,-0.40767370915295154,-0.28858011305899467
0.42,-0.6964684128761292,-0.008162461221218109,0.37163418531417847,-0.09932908415794373,0.8411752581596375,0.2395326942205429,0.4078081250190735,0.9569482207298279,-2.576490475914945,-0.40767370915295154,-0.28858011305899467
0.43,-0.7089564800262451,-0.008756253868341446,0.378865510225296,-0.09559512138366699,0.8462992310523987,0.23691663146018982,0.40227553248405457,0.9573377370834351,-2.576490475914945,-0.40767370915295154,-0.28858011305899467
0.44,-0.7204309701919556,-0.010259605944156647,0.38642418384552,-0.09386023879051208,0.8499978184700012,0.23558436334133148,0.3975773751735687,0.958163321018219,-2.576490475914945,-0.40767370915295154,-0.28858011305899467
0.45,-0.7318454384803772,-0.010367602109909058,0.39385783672332764,-0.09135319292545319,0.8540690541267395,0.23662666976451874,0.39342039823532104,0.9587461948394775,-2.576490475914945,-0.40767370915295154,-0.28858011305899467
0.46,-0.7426170110702515,-0.010158710181713104,0.4011073708534241,-0.08967924118041992,0.8590714335441589,0.23706619441509247,0.38922470808029175,0.9606831669807434,-2.576490475914945,-0.40767370915295154,-0.28858011305899467
0.47000000000000003,-0.7510280609130859,-0.010579902678728104,0.4063847064971924,-0.0887724906206131,0.8632935881614685,0.23721621930599213,0.3859168291091919,0.9617968201637268,-2.576490475914945,-0.40767370915295154,-0.28858011305899467
0.48,-0.7594437599182129,-0.010212428867816925,0.4121688902378082,-0.08720099925994873,0.8669508099555969,0.23766043782234192,0.3834907114505768,0.9635971784591675,-2.576490475914945,-0.40767370915295154,-0.28858011305899467
0.49,-0.7670233249664307,-0.009971827268600464,0.41725772619247437,-0.0865558534860611,0.8707248568534851,0.23748303949832916,0.3806489408016205,0.9648195505142212,-2.576490475914945,-0.40767370915295154,-0.28858011305899467
0.0,-0.14938995242118835,0.014591217041015625,-0.06996720284223557,-0.016129616647958755,0.9060719609260559,0.06061199679970741,0.807370662689209,-0.016907181590795517,-3.522809771643508,-0.022247397125524062,-0.29799592630479665
0.01,-0.05969667434692383,-0.1095724031329155,0.18332847952842712,-0.09889526665210724,0.6777198910713196,-0.17034882307052612,0.6098746657371521,0.06123165413737297,-3.522809771643508,-0.022247397125524062,-0.29799592630479665
0.02,-0.23530319333076477,-0.11478634178638458,-0.04244529455900192,-0.0026027075946331024,0.7969651818275452,-0.08892109990119934,0.6435625553131104,0.3581344485282898,-3.522809771643508,-0.022247397125524062,-0.29799592630479665
0.03,-0.25126200914382935,-0.021075539290905,-0.07136755436658859,-0.11843827366828918,0.8524619340896606,-0.02878975309431553,0.7657039165496826,1.125853419303894,-3.522809771643508,-0.022247397125524062,-0.29799592630479665
0.04,-0.09928648173809052,-0.0044667720794677734,-0.010569855570793152,-0.08611617982387543,0.574668288230896,0.2102629840373993,0.738429605960846,1.0621215105056763,-3.522809771643508,-0.022247397125524062,-0.29799592630479665
0.05,-0.2443687617778778,0.008318662643432617,0.038793303072452545,-0.19469474256038666,0.7125952243804932,0.2979874610900879,0.6215311288833618,0.9044268131256104,-3.522809771643508,-0.022247397125524062,-0.29799592630479665
0.06,-0.18497851490974426,-0.007626250386238098,-0.0362398698925972,-0.20545870065689087,0.7250663638114929,0.30115288496017456,0.6458175182342529,0.9916530251502991,-3.522809771643508,-0.022247397125524062,-0.29799592630479665
0.07,-0.22729912400245667,0.01760490983724594,0.04640599340200424,-0.18137545883655548,0.6976205706596375,0.335297554731369,0.6594745516777039,0.9863046407699585,-3.522809771643508,-0.022247397125524062,-0.29799592630479665
0.08,-0.2190389633178711,0.004464402794837952,0.013746324926614761,-0.2044859379529953,0.7224037051200867,0.3256244659423828,0.6272186636924744,0.9566439986228943,-3.522809771643508,-0.022247397125524062,-0.29799592630479665
0.09,-0.23512428998947144,0.011486992239952087,0.0362834669649601,-0.18213900923728943,0.7191041111946106,0.32503029704093933,0.6358832716941833,0.9750774502754211,-3.522809771643508,-0.022247397125524062,-0.29799592630479665
0.1,-0.2415730059146881,0.009211398661136627,0.03402185067534447,-0.1863531917333603,0.7282370924949646,0.31486591696739197,0.6253305077552795,0.9737825989723206,-3.522809771643508,-0.022247397125524062,-0.29799592630479665
0.11,-0.25080767273902893,0.00956398993730545,0.04380662739276886,-0.17616678774356842,0.7291886210441589,0.31182336807250977,0.6226015090942383,0.9783121943473816,-3.522809771643508,-0.022247397125524062,-0.29799592630479665
0.12,-0.26066577434539795,0.010635122656822205,0.04816379025578499,-0.17461375892162323,0.7363778948783875,0.3054790198802948,0.6174324750900269,0.9818770289421082,-3.522809771643508,-0.022247397125524062,-0.29799592630479665
0.13,-0.2682570517063141,0.00977480411529541,0.05439428985118866,-0.16810262203216553,0.7384094595909119,0.300545334815979,0.6127476692199707,0.984610378742218,-3.522809771643508,-0.022247397125524062,-0.29799592630479665
0.14,-0.2783772945404053,0.010833658277988434,0.06048296019434929,-0.16480892896652222,0.7441511154174805,0.2955963611602783,0.6082945466041565,0.9880893230438232,-3.522809771643508,-0.022247397125524062,-0.29799592630479665
0.15,-0.28655219078063965,0.01043081283569336,0.06623177230358124,-0.16033852100372314,0.7475883364677429,0.2903388440608978,0.6035715341567993,0.9910171031951904,-3.522809771643508,-0.022247397125524062,-0.29799592630479665
0.16,-0.2962879240512848,0.011334702372550964,0.0726996660232544,-0.15673203766345978,0.7529062628746033,0.2854950428009033,0.5991181135177612,0.9942513108253479,-3.522809771643508,-0.022247397125524062,-0.29799592630479665
0.17,-0.3048492968082428,0.011305786669254303,0.07856366038322449,-0.1523812860250473,0.7573346495628357,0.2799050509929657,0.5946495532989502,0.9976877570152283,-3.522809771643508,-0.022247397125524062,-0.29799592630479665
0.18,-0.3143184781074524,0.011870287358760834,0.08519215881824493,-0.14817069470882416,0.762372612953186,0.27439701557159424,0.5904915928840637,1.0015182495117188,-3.522809771643508,-0.022247397125524062,-0.29799592630479665
0.19,-0.32332804799079895,0.011729300022125244,0.0913553535938263,-0.14388807117938995,0.7671539187431335,0.2686592936515808,0.5859370231628418,1.0049666166305542,-3.522809771643508,-0.022247397125524062,-0.29799592630479665
0.2,-0.3331254720687866,0.012053065001964569,0.09804360568523407,-0.13988661766052246,0.7725496888160706,0.26331111788749695,0.5816567540168762,1.0092805624008179,-3.522809771643508,-0.022247397125524062,-0.29799592630479665
0.21,-0.3429308533668518,0.012491501867771149,0.10478348284959793,-0.1352747529745102,0.7772170901298523,0.25764989852905273,0.5770038366317749,1.0139687061309814,-3.522809771643508,-0.022247397125524062,-0.29799592630479665
0.22,-0.3533835709095001,0.012858640402555466,0.11133570969104767,-0.13083185255527496,0.7824729084968567,0.25112128257751465,0.5726884603500366,1.0192248821258545,-3.522809771643508,-0.022247397125524062,-0.29799592630479665
0.23,-0.36381497979164124,0.01284513995051384,0.11727197468280792,-0.12647710740566254,0.787508487701416,0.2440899908542633,0.568822979927063,1.0256080627441406,-3.522809771643508,-0.022247397125524062,-0.29799592630479665
0.24,-0.37473931908607483,0.012611456215381622,0.12447469681501389,-0.12190888822078705,0.7921984791755676,0.23790952563285828,0.5644471645355225,1.0305759906768799,-3.522809771643508,-0.022247397125524062,-0.29799592630479665
0.25,-0.3867385685443878,0.012707538902759552,0.13190312683582306,-0.11768801510334015,0.7983909249305725,0.23145024478435516,0.5596631765365601,1.0363860130310059,-3.522809771643508,-0.022247397125524062,-0.29799592630479665
0.26,-0.3980649411678314,0.01270342618227005,0.13898903131484985,-0.11373956501483917,0.8046075105667114,0.22465093433856964,0.5556740760803223,1.0428463220596313,-3.522809771643508,-0.022247397125524062,-0.29799592630479665
0.27,-0.4093245267868042,0.013291731476783752,0.14688390493392944,-0.10966949164867401,0.8105984330177307,0.21946251392364502,0.552176833152771,1.0489543676376343,-3.522809771643508,-0.022247397125524062,-0.29799592630479665
0.28,-0.42085352540016174,0.013825267553329468,0.15589448809623718,-0.1052926778793335,0.8159723877906799,0.21437552571296692,0.5473223328590393,1.0528478622436523,-3.522809771643508,-0.022247397125524062,-0.29799592630479665
0.29,-0.4338289499282837,0.014189105480909348,0.16651782393455505,-0.1002173125743866,0.8213167190551758,0.20870594680309296,0.5410338640213013,1.054988980293274,-3.522809771643508,-0.022247397125524062,-0.29799592630479665
0.3,-0.447815477848053,0.014273196458816528,0.17777788639068604,-0.0958070158958435,0.8271425366401672,0.2027040719985962,0.534102201461792,1.057003378868103,-3.522809771643508,-0.022247397125524062,-0.29799592630479665
0.31,-0.46219295263290405,0.01445544883608818,0.1897100806236267,-0.09199167788028717,0.833176851272583,0.1976538896560669,0.5268592238426208,1.0587568283081055,-3.522809771643508,-0.022247397125524062,-0.29799592630479665
0.32,-0.4767913818359375,0.014573697000741959,0.20196062326431274,-0.08838246762752533,0.8394663333892822,0.19311876595020294,0.5191236138343811,1.0603082180023193,-3.522809771643508,-0.022247397125524062,-0.29799592630479665
0.33,-0.49108651280403137,0.013605110347270966,0.2146703004837036,-0.08384989202022552,0.8437464833259583,0.18905125558376312,0.5109901428222656,1.0588279962539673,-3.522809771643508,-0.022247397125524062,-0.29799592630479665
0.34,-0.5070554614067078,0.012744806706905365,0.22874706983566284,-0.07964853942394257,0.8493473529815674,0.18548043072223663,0.5020549297332764,1.0558717250823975,-3.522809771643508,-0.022247397125524062,-0.29799592630479665
0.35000000000000003,-0.5225268006324768,0.01199527457356453,0.2434978485107422,-0.07496513426303864,0.8542866110801697,0.1815105527639389,0.49252063035964966,1.053157925605774,-3.522809771643508,-0.022247397125524062,-0.29799592630479665
0.36,-0.5398218631744385,0.010930068790912628,0.2588432729244232,-0.06993934512138367,0.8600228428840637,0.17675501108169556,0.4827684760093689,1.0520856380462646,-3.522809771643508,-0.022247397125524062,-0.29799592630479665
0.37,-0.5592758655548096,0.010725874453783035,0.27435657382011414,-0.06733806431293488,0.8649864792823792,0.17417624592781067,0.47191041707992554,1.0508241653442383,-3.522809771643508,-0.022247397125524062,-0.29799592630479665
0.38,-0.5778278112411499,0.010160837322473526,0.2899335026741028,-0.06431449949741364,0.8695520758628845,0.1739450842142105,0.46013930439949036,1.0472360849380493,-3.522809771643508,-0.022247397125524062,-0.29799592630479665
0.39,-0.5996322631835938,0.009456880390644073,0.3077838718891144,-0.0610281340777874,0.8761717081069946,0.172744482755661,0.44888508319854736,1.0461913347244263,-3.522809771643508,-0.022247397125524062,-0.29799592630479665
0.4,-0.6229780912399292,0.009159233421087265,0.32571184635162354,-0.05663628503680229,0.8824905753135681,0.1712026745080948,0.43736815452575684,1.045212745666504,-3.522809771643508,-0.022247397125524062,-0.29799592630479665
0.41000000000000003,-0.6478604674339294,0.008275844156742096,0.3440479636192322,-0.05293970927596092,0.8886874914169312,0.16947703063488007,0.42455750703811646,1.0440014600753784,-3.522809771643508,-0.022247397125524062,-0.29799592630479665
0.42,-0.6749971508979797,0.007027909159660339,0.36365383863449097,-0.049834396690130234,0.8956204652786255,0.1695171594619751,0.4114786684513092,1.042516827583313,-3.522809771643508,-0.022247397125524062,-0.29799592630479665
0.43,-0.7017267942428589,0.005576480180025101,0.3850507140159607,-0.050980690866708755,0.902571976184845,0.17408567667007446,0.39894387125968933,1.0387269258499146,-3.522809771643508,-0.022247397125524062,-0.29799592630479665
0.44,-0.724819004535675,0.005767975002527237,0.4030689597129822,-0.05204923078417778,0.9084298014640808,0.18180245161056519,0.38448190689086914,1.0321369171142578,-3.522809771643508,-0.022247397125524062,-0.29799592630479665
0.45,-0.746715784072876,0.005979474633932114,0.4205917716026306,-0.05269302800297737,0.9137454628944397,0.1916753500699997,0.3722086250782013,1.0303807258605957,-3.522809771643508,-0.022247397125524062,-0.29799592630479665
0.46,-0.766778826713562,0.01009959727525711,0.43768519163131714,-0.0522901825606823,0.9192391633987427,0.2006603330373764,0.36209210753440857,1.0302380323410034,-3.522809771643508,-0.022247397125524062,-0.29799592630479665
0.47000000000000003,-0.7818824052810669,0.011625345796346664,0.4503009021282196,-0.05020475015044212,0.9212323427200317,0.2065420150756836,0.3522275984287262,1.029406189918518,-3.522809771643508,-0.022247397125524062,-0.29799592630479665
0.48,-0.7987916469573975,0.013545460999011993,0.4636040925979614,-0.04875175282359123,0.9249812960624695,0.21216462552547455,0.3439275920391083,1.0313595533370972,-3.522809771643508,-0.022247397125524062,-0.29799592630479665
0.49,-0.8131667971611023,0.015588562935590744,0.4754998981952667,-0.047267165035009384,0.9275679588317871,0.2184874713420868,0.33647245168685913,1.032335638999939,-3.522809771643508,-0.022247397125524062,-0.29799592630479665
0.0,-0.2219598889350891,-0.03184696286916733,-0.03707217425107956,-0.04859846457839012,0.8835453391075134,0.08501656353473663,0.7479147911071777,0.0117214135825634,-3.091753912055283,-0.11622641609366745,-0.3113576076110466
0.01,-0.08955012261867523,-0.06948763132095337,0.042284995317459106,-0.21204867959022522,0.6445496678352356,-0.03769298270344734,0.6863046884536743,0.18942205607891083,-3.091753912055283,-0.11622641609366745,-0.3113576076110466
0.02,-0.1386023759841919,-0.13215146958827972,-0.0860866829752922,-0.14243730902671814,0.6914914846420288,0.11940152943134308,0.6085445880889893,0.5492839217185974,-3.091753912055283,-0.11622641609366745,-0.3113576076110466
0.03,-0.25542908906936646,0.04415661841630936,-0.006864327937364578,-0.2363637536764145,0.7719547152519226,0.2551651895046234,0.7372090816497803,1.1197012662887573,-3.091753912055283,-0.11622641609366745,-0.3113576076110466
0.04,-0.14526477456092834,-0.04008335620164871,0.0190795436501503,-0.21613554656505585,0.5932520031929016,0.32730960845947266,0.6616732478141785,0.9329045414924622,-3.091753912055283,-0.11622641609366745,-0.3113576076110466
0.05,-0.2585701048374176,0.017584428191184998,0.05399784445762634,-0.2546789050102234,0.7030438184738159,0.3994559049606323,0.6246590614318848,0.8930834531784058,-3.091753912055283,-0.11622641609366745,-0.3113576076110466
0.06,-0.21921220421791077,-0.003146030008792877,0.016116362065076828,-0.23418693244457245,0.6820058226585388,0.3489130139350891,0.6281526684761047,0.9471742510795593,-3.091753912055283,-0.11622641609366745,-0.3113576076110466
0.07,-0.24824514985084534,0.002757743000984192,0.056229956448078156,-0.2266375869512558,0.6854280829429626,0.36603182554244995,0.6299383044242859,0.9334458112716675,-3.091753912055283,-0.11622641609366745,-0.3113576076110466
0.08,-0.25001901388168335,0.004889737814664841,0.04246731102466583,-0.23337529599666595,0.6993216276168823,0.3569605052471161,0.6168982982635498,0.9373078942298889,-3.091753912055283,-0.11622641609366745,-0.3113576076110466
0.09,-0.25921690464019775,0.0024950578808784485,0.05784694105386734,-0.21839192509651184,0.6930751800537109,0.351886510848999,0.6175498962402344,0.9415786266326904,-3.091753912055283,-0.11622641609366745,-0.3113576076110466
0.1,-0.26927974820137024,0.005162201821804047,0.05919794738292694,-0.2215791642665863,0.7061141729354858,0.34867313504219055,0.6091414093971252,0.9422172904014587,-3.091753912055283,-0.11622641609366745,-0.3113576076110466
0.11,-0.27622145414352417,0.004297520965337753,0.06629626452922821,-0.21269993484020233,0.7046224474906921,0.34240859746932983,0.6063085794448853,0.9484546780586243,-3.091753912055283,-0.11622641609366745,-0.3113576076110466
0.12,-0.2873631715774536,0.005503863096237183,0.07288157194852829,-0.21081776916980743,0.7130545973777771,0.33922648429870605,0.6000664830207825,0.9498239159584045,-3.091753912055283,-0.11622641609366745,-0.3113576076110466
0.13,-0.29599955677986145,0.006109070032835007,0.07828468084335327,-0.20613756775856018,0.7171531915664673,0.3335460126399994,0.5958920121192932,0.9563552737236023,-3.091753912055283,-0.11622641609366745,-0.3113576076110466
0.14,-0.3057679831981659,0.006635643541812897,0.08516351878643036,-0.20240195095539093,0.722310483455658,0.32884371280670166,0.5910823345184326,0.9599456191062927,-3.091753912055283,-0.11622641609366745,-0.3113576076110466
0.15,-0.31513553857803345,0.007290832698345184,0.09083519876003265,-0.1990133821964264,0.7277511358261108,0.3237302005290985,0.5862634181976318,0.9647996425628662,-3.091753912055283,-0.11622641609366745,-0.3113576076110466
0.16,-0.3242683708667755,0.0077729858458042145,0.09700566530227661,-0.19506433606147766,0.7326168417930603,0.31867653131484985,0.5818964242935181,0.9692074656486511,-3.091753912055283,-0.11622641609366745,-0.3113576076110466
0.17,-0.33305877447128296,0.008413076400756836,0.1024087443947792,-0.19109240174293518,0.7381238341331482,0.3133088946342468,0.5779116749763489,0.9743430018424988,-3.091753912055283,-0.11622641609366745,-0.3113576076110466
0.18,-0.34178832173347473,0.009020812809467316,0.10837927460670471,-0.18650516867637634,0.7429825067520142,0.30740275979042053,0.5744711756706238,0.9798116087913513,-3.091753912055283,-0.11622641609366745,-0.3113576076110466
0.19,-0.3504655063152313,0.009371928870677948,0.11386380344629288,-0.18220847845077515,0.7480639815330505,0.3012882173061371,0.5707994699478149,0.9848834872245789,-3.091753912055283,-0.11622641609366745,-0.3113576076110466
0.2,-0.35899659991264343,0.009770825505256653,0.11943013966083527,-0.1775786131620407,0.7527126669883728,0.2952386736869812,0.5674991607666016,0.9902840852737427,-3.091753912055283,-0.11622641609366745,-0.3113576076110466
0.21,-0.3682337999343872,0.010186273604631424,0.12526217103004456,-0.17323194444179535,0.7578083872795105,0.28912270069122314,0.5642257928848267,0.9959915280342102,-3.091753912055283,-0.11622641609366745,-0.3113576076110466
0.22,-0.3779672682285309,0.010401889681816101,0.13140614330768585,-0.16888710856437683,0.7629887461662292,0.28318920731544495,0.5607892274856567,1.002109408378601,-3.091753912055283,-0.11622641609366745,-0.3113576076110466
0.23,-0.3885197937488556,0.01054198294878006,0.13830538094043732,-0.16460900008678436,0.7685852646827698,0.27758699655532837,0.5572757720947266,1.0087319612503052,-3.091753912055283,-0.11622641609366745,-0.3113576076110466
0.24,-0.3990718424320221,0.011144034564495087,0.14554861187934875,-0.16067075729370117,0.7740784287452698,0.2721467614173889,0.5540060997009277,1.0144104957580566,-3.091753912055283,-0.11622641609366745,-0.3113576076110466
0.25,-0.40961429476737976,0.011049777269363403,0.15491780638694763,-0.1560671031475067,0.7775482535362244,0.2673476040363312,0.5484029054641724,1.0134977102279663,-3.091753912055283,-0.11622641609366745,-0.3113576076110466
0.26,-0.42269375920295715,0.010858319699764252,0.16557955741882324,-0.15141375362873077,0.7834393978118896,0.2623291313648224,0.541303277015686,1.013556718826294,-3.091753912055283,-0.11622641609366745,-0.3113576076110466
0.27,-0.4351431727409363,0.011050522327423096,0.17614403367042542,-0.14645710587501526,0.7895037531852722,0.2573307156562805,0.5349048376083374,1.0153015851974487,-3.091753912055283,-0.11622641609366745,-0.3113576076110466
0.28,-0.4470057785511017,0.01096951961517334,0.1864648163318634,-0.14170870184898376,0.7949704527854919,0.2522190511226654,0.5288177132606506,1.0163956880569458,-3.091753912055283,-0.11622641609366745,-0.3113576076110466
0.29,-0.4594660699367523,0.011136189103126526,0.1970687210559845,-0.1367393583059311,0.8001116514205933,0.24721667170524597,0.5223949551582336,1.017221450805664,-3.091753912055283,-0.11622641609366745,-0.3113576076110466
0.3,-0.47240158915519714,0.011324204504489899,0.2077825963497162,-0.13206858932971954,0.8052933812141418,0.2420816421508789,0.515332043170929,1.0174673795700073,-3.091753912055283,-0.11622641609366745,-0.3113576076110466
0.31,-0.4857378900051117,0.011487975716590881,0.2189241349697113,-0.12745848298072815,0.8105415105819702,0.23701368272304535,0.5080738067626953,1.017475962638855,-3.091753912055283,-0.11622641609366745,-0.3113576076110466
0.32,-0.4994097352027893,0.01086638867855072,0.23062166571617126,-0.12304668128490448,0.8157556056976318,0.2322762906551361,0.5005933046340942,1.0167207717895508,-3.091753912055283,-0.11622641609366745,-0.3113576076110466
0.33,-0.5135871171951294,0.00999574363231659,0.24293094873428345,-0.11847127974033356,0.8200457692146301,0.2288849800825119,0.49267181754112244,1.014877438545227,-3.091753912055283,-0.11622641609366745,-0.3113576076110466
0.34,-0.5295458436012268,0.009654629975557327,0.2566148638725281,-0.11381663382053375,0.8259768486022949,0.22590455412864685,0.48427489399909973,1.0138858556747437,-3.091753912055283,-0.11622641609366745,-0.3113576076110466
0.35000000000000003,-0.5484591722488403,0.008544087409973145,0.27276116609573364,-0.10873860120773315,0.8332365155220032,0.2216547727584839,0.4767553210258484,1.0142055749893188,-3.091753912055283,-0.11622641609366745,-0.3113576076110466
0.36,-0.5692583322525024,0.007712993770837784,0.28950604796409607,-0.10410130023956299,0.8399681448936462,0.2174302488565445,0.4675164520740509,1.0148444175720215,-3.091753912055283,-0.11622641609366745,-0.3113576076110466
0.37,-0.5902233123779297,0.007059171795845032,0.3056812584400177,-0.09885911643505096,0.8463998436927795,0.21415503323078156,0.457231730222702,1.0145398378372192,-3.091753912055283,-0.11622641609366745,-0.3113576076110466
0.38,-0.6100713610649109,0.006606064736843109,0.32105618715286255,-0.09379659593105316,0.852628767490387,0.21061931550502777,0.44751131534576416,1.0143625736236572,-3.091753912055283,-0.11622641609366745,-0.3113576076110466
0.39,-0.6283451318740845,0.006091773509979248,0.33426573872566223,-0.0886629968881607,0.8585754036903381,0.20659762620925903,0.4380374252796173,1.0147039890289307,-3.091753912055283,-0.11622641609366745,-0.3113576076110466
0.4,-0.6482471227645874,0.005499400198459625,0.3491976857185364,-0.0839233249425888,0.8650749921798706,0.20155367255210876,0.4282965362071991,1.0152132511138916,-3.091753912055283,-0.11622641609366745,-0.3113576076110466
0.41000000000000003,-0.6706125736236572,0.004095941781997681,0.36619797348976135,-0.0799524188041687,0.8722855448722839,0.19813017547130585,0.41739270091056824,1.0132861137390137,-3.091753912055283,-0.11622641609366745,-0.3113576076110466
0.42,-0.6948832273483276,0.0031348317861557007,0.38082656264305115,-0.077079638838768,0.8792811036109924,0.1978512853384018,0.40573373436927795,1.011139154434204,-3.091753912055283,-0.11622641609366745,-0.3113576076110466
0.43,-0.7161707878112793,0.004660818725824356,0.3923364579677582,-0.07467353343963623,0.8870162963867188,0.20061025023460388,0.39566364884376526,1.0118560791015625,-3.091753912055283,-0.11622641609366745,-0.3113576076110466
0.44,-0.7306621074676514,0.004410680383443832,0.4031182527542114,-0.07390707731246948,0.8913905024528503,0.20302096009254456,0.3888753056526184,1.013343095779419,-3.091753912055283,-0.11622641609366745,-0.3113576076110466
0.45,-0.7445095181465149,0.005093459039926529,0.41356128454208374,-0.07250267267227173,0.8955397605895996,0.20730005204677582,0.3825257122516632,1.0145550966262817,-3.091753912055283,-0.11622641609366745,-0.3113576076110466
0.46,-0.7564141750335693,0.005680166184902191,0.42310985922813416,-0.07108642160892487,0.8993808627128601,0.21060222387313843,0.37683603167533875,1.0159966945648193,-3.091753912055283,-0.11622641609366745,-0.3113576076110466
0.47000000000000003,-0.7678931951522827,0.00656827911734581,0.4323562979698181,-0.06962469220161438,0.9026476144790649,0.2127155214548111,0.3714664578437805,1.0173643827438354,-3.091753912055283,-0.11622641609366745,-0.3113576076110466
0.48,-0.7796000242233276,0.007270932197570801,0.44149020314216614,-0.06818807125091553,0.9055128693580627,0.21438612043857574,0.3658321797847748,1.0183213949203491,-3.091753912055283,-0.11622641609366745,-0.3113576076110466
0.49,-0.7916995882987976,0.007682211697101593,0.4505023956298828,-0.06704135239124298,0.9080542922019958,0.21622318029403687,0.35983818769454956,1.0195037126541138,-3.091753912055283,-0.11622641609366745,-0.3113576076110466
0.0,-0.235892653465271,-0.04658420383930206,-0.031249962747097015,-0.052215445786714554,0.868259847164154,0.08501727879047394,0.7203943133354187,0.025520049035549164,-2.8710067157104864,-0.0959186815558567,-0.3074033967937959
0.01,-0.10817626118659973,-0.0633120909333229,0.0036981329321861267,-0.24476288259029388,0.6769179701805115,-0.006898066028952599,0.7201070785522461,0.3570901155471802,-2.8710067157104864,-0.0959186815558567,-0.3074033967937959
0.02,-0.1369805932044983,-0.1100071370601654,-0.07399798184633255,-0.16399142146110535,0.6409047842025757,0.19160155951976776,0.6190739870071411,0.8579345345497131,-2.8710067157104864,-0.0959186815558567,-0.3074033967937959
0.03,-0.2586505115032196,0.05906596779823303,0.043025657534599304,-0.24358288943767548,0.6991165280342102,0.37019580602645874,0.7100510001182556,1.0263572931289673,-2.8710067157104864,-0.0959186815558567,-0.3074033967937959
0.04,-0.16997939348220825,-0.0351259671151638,0.010876156389713287,-0.24212531745433807,0.6134093403816223,0.3305248022079468,0.627890944480896,0.8937646746635437,-2.8710067157104864,-0.0959186815558567,-0.3074033967937959
0.05,-0.2582133412361145,0.015723340213298798,0.059285879135131836,-0.2401290088891983,0.6812582612037659,0.38980257511138916,0.6241642832756042,0.8997867107391357,-2.8710067157104864,-0.0959186815558567,-0.3074033967937959
0.06,-0.2278546690940857,-0.0022553130984306335,0.02551361173391342,-0.2352868765592575,0.6716691851615906,0.3383105397224426,0.6197407245635986,0.9361844658851624,-2.8710067157104864,-0.0959186815558567,-0.3074033967937959
0.07,-0.25250130891799927,0.0006717666983604431,0.060691021382808685,-0.22127321362495422,0.6695606112480164,0.3531775176525116,0.6208073496818542,0.9245577454566956,-2.8710067157104864,-0.0959186815558567,-0.3074033967937959
0.08,-0.2604140043258667,0.005295395851135254,0.05203939229249954,-0.22890493273735046,0.6884150505065918,0.3452204465866089,0.6077946424484253,0.9312378764152527,-2.8710067157104864,-0.0959186815558567,-0.3074033967937959
0.09,-0.2647460103034973,0.0017110668122768402,0.06160040944814682,-0.21475782990455627,0.6817484498023987,0.33678433299064636,0.6092507839202881,0.9386444091796875,-2.8710067157104864,-0.0959186815558567,-0.3074033967937959
0.1,-0.27977463603019714,0.004670586436986923,0.07000771909952164,-0.2158249467611313,0.6931753158569336,0.336547315120697,0.6005811095237732,0.937746524810791,-2.8710067157104864,-0.0959186815558567,-0.3074033967937959
0.11,-0.2855766713619232,0.004763267934322357,0.07204528152942657,-0.21034084260463715,0.6969938278198242,0.3292827606201172,0.5973517298698425,0.946345329284668,-2.8710067157104864,-0.0959186815558567,-0.3074033967937959
0.12,-0.2952776849269867,0.005227245390415192,0.07989040017127991,-0.20645855367183685,0.7016515135765076,0.32517778873443604,0.5939570069313049,0.948972761631012,-2.8710067157104864,-0.0959186815558567,-0.3074033967937959
0.13,-0.30442333221435547,0.006024196743965149,0.08489963412284851,-0.20408259332180023,0.7073956727981567,0.32038044929504395,0.5888896584510803,0.9529926776885986,-2.8710067157104864,-0.0959186815558567,-0.3074033967937959
0.14,-0.31308361887931824,0.00644785538315773,0.09068156778812408,-0.20000790059566498,0.7121607661247253,0.3155437707901001,0.5851902365684509,0.957643985748291,-2.8710067157104864,-0.0959186815558567,-0.3074033967937959
0.15,-0.32219037413597107,0.007193725556135178,0.09620149433612823,-0.19687329232692719,0.7178749442100525,0.31077027320861816,0.5812839865684509,0.9625992178916931,-2.8710067157104864,-0.0959186815558567,-0.3074033967937959
0.16,-0.33050814270973206,0.007871650159358978,0.1015332043170929,-0.1932053118944168,0.7227346301078796,0.3059573769569397,0.5777000188827515,0.9676100611686707,-2.8710067157104864,-0.0959186815558567,-0.3074033967937959
0.17,-0.3389586806297302,0.008664801716804504,0.10713115334510803,-0.18953533470630646,0.7275707125663757,0.3013606071472168,0.57396000623703,0.9720596671104431,-2.8710067157104864,-0.0959186815558567,-0.3074033967937959
0.18,-0.347462922334671,0.009388793259859085,0.11252044886350632,-0.1858454793691635,0.7324761748313904,0.29637086391448975,0.5701301097869873,0.9766048789024353,-2.8710067157104864,-0.0959186815558567,-0.3074033967937959
0.19,-0.35596492886543274,0.009719714522361755,0.11797618865966797,-0.18180696666240692,0.736976683139801,0.29131144285202026,0.5662908554077148,0.9795158505439758,-2.8710067157104864,-0.0959186815558567,-0.3074033967937959
0.2,-0.3648647964000702,0.010218635201454163,0.12336577475070953,-0.1778416782617569,0.7417377829551697,0.28599512577056885,0.5623337030410767,0.9828914999961853,-2.8710067157104864,-0.0959186815558567,-0.3074033967937959
0.21,-0.37405070662498474,0.010617952793836594,0.12883824110031128,-0.17386436462402344,0.7466427683830261,0.2804540693759918,0.5586031079292297,0.9867560863494873,-2.8710067157104864,-0.0959186815558567,-0.3074033967937959
0.22,-0.38294264674186707,0.011057153344154358,0.1339830607175827,-0.17008857429027557,0.7514192461967468,0.2748863101005554,0.5551139712333679,0.9913298487663269,-2.8710067157104864,-0.0959186815558567,-0.3074033967937959
0.23,-0.39196786284446716,0.010949347168207169,0.1404070407152176,-0.16619403660297394,0.7557194828987122,0.2693057060241699,0.5513835549354553,0.9939971566200256,-2.8710067157104864,-0.0959186815558567,-0.3074033967937959
0.24,-0.4017711579799652,0.010942041873931885,0.1479693055152893,-0.161666139960289,0.7596690654754639,0.26420682668685913,0.5462878942489624,0.994810163974762,-2.8710067157104864,-0.0959186815558567,-0.3074033967937959
0.25,-0.41346344351768494,0.010804381221532822,0.15770719945430756,-0.15687356889247894,0.7643372416496277,0.25934767723083496,0.5399739742279053,0.9948875308036804,-2.8710067157104864,-0.0959186815558567,-0.3074033967937959
0.26,-0.42576664686203003,0.010729864239692688,0.16801932454109192,-0.15264670550823212,0.7694153189659119,0.25497061014175415,0.5331712961196899,0.9949672222137451,-2.8710067157104864,-0.0959186815558567,-0.3074033967937959
0.27,-0.4380520284175873,0.010777764022350311,0.17871147394180298,-0.1485244184732437,0.77408367395401,0.2511858642101288,0.5261901021003723,0.994290292263031,-2.8710067157104864,-0.0959186815558567,-0.3074033967937959
0.28,-0.4507932960987091,0.011023245751857758,0.18970483541488647,-0.1440707892179489,0.7796409726142883,0.2472205013036728,0.5190005898475647,0.9938901662826538,-2.8710067157104864,-0.0959186815558567,-0.3074033967937959
0.29,-0.463396281003952,0.011147957295179367,0.2005946934223175,-0.1393018513917923,0.7852683067321777,0.24246008694171906,0.5121909976005554,0.9942758679389954,-2.8710067157104864,-0.0959186815558567,-0.3074033967937959
0.3,-0.47656959295272827,0.01117335632443428,0.2119044065475464,-0.1347825676202774,0.7913811206817627,0.23757609724998474,0.5058664679527283,0.9950505495071411,-2.8710067157104864,-0.0959186815558567,-0.3074033967937959
0.31,-0.49004268646240234,0.010973691940307617,0.22326445579528809,-0.13101087510585785,0.7981413006782532,0.23334245383739471,0.4994465410709381,0.9948033094406128,-2.8710067157104864,-0.0959186815558567,-0.3074033967937959
0.32,-0.5031867027282715,0.009752247482538223,0.23473215103149414,-0.12679439783096313,0.8031358122825623,0.22957777976989746,0.49297887086868286,0.9923632740974426,-2.8710067157104864,-0.0959186815558567,-0.3074033967937959
0.33,-0.5174543857574463,0.00913679227232933,0.24687552452087402,-0.12267599999904633,0.8089885115623474,0.22657620906829834,0.4861922860145569,0.9914951324462891,-2.8710067157104864,-0.0959186815558567,-0.3074033967937959
0.34,-0.5335808396339417,0.008748091757297516,0.25994807481765747,-0.11819180846214294,0.8145279288291931,0.22312317788600922,0.47923508286476135,0.9913602471351624,-2.8710067157104864,-0.0959186815558567,-0.3074033967937959
0.35000000000000003,-0.5498350262641907,0.008071310818195343,0.27340471744537354,-0.11346153914928436,0.8205483555793762,0.21972019970417023,0.4716343581676483,0.9903495907783508,-2.8710067157104864,-0.0959186815558567,-0.3074033967937959
0.36,-0.5680712461471558,0.007902953773736954,0.28708967566490173,-0.10814344882965088,0.826113760471344,0.21554429829120636,0.46222490072250366,0.9906406998634338,-2.8710067157104864,-0.0959186815558567,-0.3074033967937959
0.37,-0.5859570503234863,0.007506459951400757,0.30034565925598145,-0.10205419361591339,0.8320233821868896,0.21045131981372833,0.45265433192253113,0.9912616610527039,-2.8710067157104864,-0.0959186815558567,-0.3074033967937959
0.38,-0.6036258339881897,0.007118210196495056,0.3133176863193512,-0.09604030847549438,0.8379825949668884,0.20500776171684265,0.44374898076057434,0.9923240542411804,-2.8710067157104864,-0.0959186815558567,-0.3074033967937959
0.39,-0.6210271120071411,0.006220437586307526,0.32561925053596497,-0.09080862998962402,0.8437172770500183,0.19992724061012268,0.43449851870536804,0.9924637079238892,-2.8710067157104864,-0.0959186815558567,-0.3074033967937959
0.4,-0.6420720219612122,0.005026400089263916,0.3415883183479309,-0.08527088165283203,0.8513726592063904,0.19589993357658386,0.4247339367866516,0.9926040172576904,-2.8710067157104864,-0.0959186815558567,-0.3074033967937959
0.41000000000000003,-0.6622592210769653,0.004335291683673859,0.35524922609329224,-0.08103615045547485,0.8588920831680298,0.19179172813892365,0.41486936807632446,0.9919137954711914,-2.8710067157104864,-0.0959186815558567,-0.3074033967937959
0.42,-0.6812505722045898,0.002678859978914261,0.3673727214336395,-0.07678191363811493,0.8645853996276855,0.18829427659511566,0.4049634337425232,0.9900539517402649,-2.8710067157104864,-0.0959186815558567,-0.3074033967937959
0.43,-0.7019199728965759,0.0027801916003227234,0.37910401821136475,-0.07467983663082123,0.8698941469192505,0.1874624341726303,0.3954465687274933,0.9910048842430115,-2.8710067157104864,-0.0959186815558567,-0.3074033967937959
0.44,-0.7186397910118103,0.0022550709545612335,0.39063265919685364,-0.07420933246612549,0.8745242953300476,0.19020426273345947,0.38607510924339294,0.9895721077919006,-2.8710067157104864,-0.0959186815558567,-0.3074033967937959
0.45,-0.7351936101913452,0.0031589344143867493,0.4035775661468506,-0.07233737409114838,0.8794183731079102,0.19569599628448486,0.3778689503669739,0.9913762211799622,-2.8710067157104864,-0.0959186815558567,-0.3074033967937959
0.46,-0.7496421337127686,0.004520859569311142,0.41470521688461304,-0.07123398780822754,0.8848890662193298,0.20010334253311157,0.3707939684391022,0.9940573573112488,-2.8710067157104864,-0.0959186815558567,-0.3074033967937959
0.47000000000000003,-0.7615743279457092,0.005782674998044968,0.42405086755752563,-0.06949885189533234,0.8887117505073547,0.20284681022167206,0.3649885952472687,0.9962404370307922,-2.8710067157104864,-0.0959186815558567,-0.3074033967937959
0.48,-0.7726655006408691,0.005773879587650299,0.431827187538147,-0.06831027567386627,0.8930194973945618,0.20416796207427979,0.3603499233722687,0.9984579682350159,-2.8710067157104864,-0.0959186815558567,-0.3074033967937959
0.49,-0.782875120639801,0.00597052276134491,0.43925055861473083,-0.06813764572143555,0.8963852524757385,0.20567479729652405,0.35630732774734497,0.9995521903038025,-2.8710067157104864,-0.0959186815558567,-0.3074033967937959
0.0,-0.06501669436693192,0.047701604664325714,-0.11031260341405869,0.025120321661233902,0.9389994144439697,0.01731148175895214,0.8648878335952759,-0.03223707899451256,-3.747878188387707,0.18306792885865833,-0.3204558805824849
0.01,-0.026702657341957092,-0.16253060102462769,0.31394773721694946,0.0034449435770511627,0.7390199303627014,-0.3051189184188843,0.6168268918991089,0.060756925493478775,-3.747878188387707,0.18306792885865833,-0.3204558805824849
0.02,-0.23425349593162537,-0.07425546646118164,-0.13466274738311768,0.031126756221055984,0.92731773853302,-0.23390670120716095,0.7595267295837402,0.4948227107524872,-3.747878188387707,0.18306792885865833,-0.3204558805824849
0.03,-0.059821717441082,-0.019117362797260284,-0.1312251091003418,0.02598530799150467,0.7299172878265381,-0.17801262438297272,0.8063688278198242,1.1402206420898438,-3.747878188387707,0.18306792885865833,-0.3204558805824849
0.04,-0.13699384033679962,-0.008705690503120422,-0.023921839892864227,0.011598311364650726,0.6226513385772705,0.0548296682536602,0.7501766681671143,1.043418049812317,-3.747878188387707,0.18306792885865833,-0.3204558805824849
0.05,-0.1935897171497345,0.01575954258441925,-0.04626675695180893,-0.10936880111694336,0.761897087097168,0.14012667536735535,0.6707218289375305,1.0157363414764404,-3.747878188387707,0.18306792885865833,-0.3204558805824849
0.06,-0.17129892110824585,-0.010758772492408752,-0.04875694960355759,-0.10187141597270966,0.7118679881095886,0.17651167511940002,0.6983743906021118,1.0770776271820068,-3.747878188387707,0.18306792885865833,-0.3204558805824849
0.07,-0.21385306119918823,0.039875611662864685,0.0011269338428974152,-0.12030582129955292,0.738568127155304,0.23666362464427948,0.6886986494064331,1.0539706945419312,-3.747878188387707,0.18306792885865833,-0.3204558805824849
0.08,-0.18734782934188843,-0.0008141845464706421,-0.025377511978149414,-0.12419509887695312,0.7281631827354431,0.21647793054580688,0.6616843938827515,1.023179531097412,-3.747878188387707,0.18306792885865833,-0.3204558805824849
0.09,-0.22060588002204895,0.028221577405929565,0.0025615543127059937,-0.11740319430828094,0.7488343119621277,0.2312767654657364,0.6730848550796509,1.0471575260162354,-3.747878188387707,0.18306792885865833,-0.3204558805824849
0.1,-0.21224358677864075,0.007814720273017883,-0.0052602216601371765,-0.11677204072475433,0.7407980561256409,0.2151954174041748,0.6588067412376404,1.036691427230835,-3.747878188387707,0.18306792885865833,-0.3204558805824849
0.11,-0.23447808623313904,0.022658400237560272,0.011190146207809448,-0.11046549677848816,0.7543944716453552,0.22126232087612152,0.658759355545044,1.0450867414474487,-3.747878188387707,0.18306792885865833,-0.3204558805824849
0.12,-0.23395293951034546,0.01153777539730072,0.009236101061105728,-0.1078973263502121,0.7538688778877258,0.20826976001262665,0.6507179141044617,1.0437586307525635,-3.747878188387707,0.18306792885865833,-0.3204558805824849
0.13,-0.2505396604537964,0.019700005650520325,0.021405119448900223,-0.1018296331167221,0.7619797587394714,0.2089817076921463,0.6490416526794434,1.050061821937561,-3.747878188387707,0.18306792885865833,-0.3204558805824849
0.14,-0.2539222240447998,0.014163114130496979,0.022986534982919693,-0.0982825756072998,0.7644177079200745,0.19899114966392517,0.6418594717979431,1.050072193145752,-3.747878188387707,0.18306792885865833,-0.3204558805824849
0.15,-0.2665429413318634,0.017665401101112366,0.031845755875110626,-0.09208476543426514,0.7701387405395508,0.19539132714271545,0.6393133401870728,1.0552501678466797,-3.747878188387707,0.18306792885865833,-0.3204558805824849
0.16,-0.27291303873062134,0.015429593622684479,0.035458337515592575,-0.0884118527173996,0.7743775248527527,0.18722334504127502,0.6340405344963074,1.057055115699768,-3.747878188387707,0.18306792885865833,-0.3204558805824849
0.17,-0.28305724263191223,0.016720451414585114,0.04221522808074951,-0.08271406590938568,0.7786637544631958,0.18176579475402832,0.6310564875602722,1.0614277124404907,-3.747878188387707,0.18306792885865833,-0.3204558805824849
0.18,-0.291922926902771,0.01622737944126129,0.04769919067621231,-0.07907557487487793,0.7836132645606995,0.1745629608631134,0.6264644265174866,1.0642123222351074,-3.747878188387707,0.18306792885865833,-0.3204558805824849
0.19,-0.30095401406288147,0.01613592356443405,0.05383547767996788,-0.07429295778274536,0.7876211404800415,0.16871805489063263,0.6224387884140015,1.0673149824142456,-3.747878188387707,0.18306792885865833,-0.3204558805824849
0.2,-0.3102445602416992,0.01623130589723587,0.06014373525977135,-0.0701778382062912,0.7924802303314209,0.16299159824848175,0.6179648041725159,1.0696262121200562,-3.747878188387707,0.18306792885865833,-0.3204558805824849
0.21,-0.31898996233940125,0.016166582703590393,0.06587604433298111,-0.06588396430015564,0.7973341941833496,0.15725268423557281,0.6137682199478149,1.072234869003296,-3.747878188387707,0.18306792885865833,-0.3204558805824849
0.22,-0.32767173647880554,0.016394831240177155,0.0721314549446106,-0.061700332909822464,0.8020891547203064,0.15158487856388092,0.6095374226570129,1.0746716260910034,-3.747878188387707,0.18306792885865833,-0.3204558805824849
0.23,-0.33593741059303284,0.016259752213954926,0.07820427417755127,-0.05760013684630394,0.8067141175270081,0.14575713872909546,0.6048530340194702,1.076411485671997,-3.747878188387707,0.18306792885865833,-0.3204558805824849
0.24,-0.3453860282897949,0.016428504139184952,0.08488545566797256,-0.05372096225619316,0.81191486120224,0.13978557288646698,0.600601315498352,1.0787142515182495,-3.747878188387707,0.18306792885865833,-0.3204558805824849
0.25,-0.35394883155822754,0.016339853405952454,0.09119550883769989,-0.05021483823657036,0.8167000412940979,0.13332907855510712,0.5965616703033447,1.08039128780365,-3.747878188387707,0.18306792885865833,-0.3204558805824849
0.26,-0.3627975583076477,0.016074225306510925,0.09732750058174133,-0.04699418321251869,0.8216732740402222,0.12743331491947174,0.5924338102340698,1.0815743207931519,-3.747878188387707,0.18306792885865833,-0.3204558805824849
0.27,-0.3721080720424652,0.01602928340435028,0.10411578416824341,-0.04485584422945976,0.8275365829467773,0.12200523167848587,0.5884591341018677,1.083187222480774,-3.747878188387707,0.18306792885865833,-0.3204558805824849
0.28,-0.38126030564308167,0.015951376408338547,0.110895074903965,-0.04262130334973335,0.833225667476654,0.11725655198097229,0.5843321084976196,1.0847944021224976,-3.747878188387707,0.18306792885865833,-0.3204558805824849
0.29,-0.3909132778644562,0.015706904232501984,0.11811108142137527,-0.040675677359104156,0.8389566540718079,0.11250020563602448,0.5801385641098022,1.0862759351730347,-3.747878188387707,0.18306792885865833,-0.3204558805824849
0.3,-0.40142881870269775,0.015225544571876526,0.12559252977371216,-0.03806110471487045,0.844754695892334,0.10791413486003876,0.5753662586212158,1.08771812915802,-3.747878188387707,0.18306792885865833,-0.3204558805824849
0.31,-0.41253355145454407,0.014752581715583801,0.13346070051193237,-0.036169517785310745,0.8511872291564941,0.10326287895441055,0.5708132982254028,1.0902293920516968,-3.747878188387707,0.18306792885865833,-0.3204558805824849
0.32,-0.4241984188556671,0.01358475536108017,0.14249375462532043,-0.035226788371801376,0.8555560111999512,0.1007404625415802,0.565801739692688,1.091288447380066,-3.747878188387707,0.18306792885865833,-0.3204558805824849
0.33,-0.4375140368938446,0.01304425299167633,0.15251928567886353,-0.03550010919570923,0.8610010743141174,0.10072902590036392,0.559457540512085,1.0918844938278198,-3.747878188387707,0.18306792885865833,-0.3204558805824849
0.34,-0.45118871331214905,0.012640487402677536,0.16342982649803162,-0.035600800067186356,0.8667970299720764,0.10080482810735703,0.5528945922851562,1.0940804481506348,-3.747878188387707,0.18306792885865833,-0.3204558805824849
0.35000000000000003,-0.4648148715496063,0.012373235076665878,0.17485907673835754,-0.03528581187129021,0.8728256821632385,0.10106193274259567,0.5465801954269409,1.096147894859314,-3.747878188387707,0.18306792885865833,-0.3204558805824849
0.36,-0.4796774089336395,0.012803047895431519,0.1895783245563507,-0.03308749571442604,0.8769083619117737,0.10250008851289749,0.5381885766983032,1.0933932065963745,-3.747878188387707,0.18306792885865833,-0.3204558805824849
0.37,-0.49802857637405396,0.011242937296628952,0.20622900128364563,-0.03214617446064949,0.882733941078186,0.10398813337087631,0.5275954604148865,1.089793086051941,-3.747878188387707,0.18306792885865833,-0.3204558805824849
0.38,-0.5176277160644531,0.011402405798435211,0.2240569293498993,-0.029467668384313583,0.8871691823005676,0.1080159842967987,0.5154848694801331,1.08663809299469,-3.747878188387707,0.18306792885865833,-0.3204558805824849
0.39,-0.5407751202583313,0.01114470511674881,0.24420902132987976,-0.02733912691473961,0.8942511081695557,0.11005145311355591,0.5020204782485962,1.084336757659912,-3.747878188387707,0.18306792885865833,-0.3204558805824849
0.4,-0.564115583896637,0.010762147605419159,0.2641877830028534,-0.024736899882555008,0.9002497792243958,0.11250931024551392,0.4880518913269043,1.0813006162643433,-3.747878188387707,0.18306792885865833,-0.3204558805824849
0.41000000000000003,-0.5875506401062012,0.010693170130252838,0.2843552231788635,-0.022555019706487656,0.9070164561271667,0.11476996541023254,0.4741578996181488,1.078234076499939,-3.747878188387707,0.18306792885865833,-0.3204558805824849
0.42,-0.6095976829528809,0.008838031440973282,0.30509448051452637,-0.021608911454677582,0.9119611382484436,0.11521826684474945,0.4611108601093292,1.0754684209823608,-3.747878188387707,0.18306792885865833,-0.3204558805824849
0.43,-0.6306236982345581,0.007237810641527176,0.32348889112472534,-0.020796705037355423,0.9157711863517761,0.1183856949210167,0.44926244020462036,1.0722644329071045,-3.747878188387707,0.18306792885865833,-0.3204558805824849
0.44,-0.6507564783096313,0.006375353783369064,0.3410112261772156,-0.02229946479201317,0.9186635613441467,0.122719407081604,0.4356217682361603,1.0691022872924805,-3.747878188387707,0.18306792885865833,-0.3204558805824849
0.45,-0.6699856519699097,0.006137840449810028,0.35815757513046265,-0.021297995001077652,0.9216882586479187,0.1288040578365326,0.4227580726146698,1.0649334192276,-3.747878188387707,0.18306792885865833,-0.3204558805824849
0.46,-0.6911532878875732,0.006574008613824844,0.3757650852203369,-0.020723756402730942,0.927314817905426,0.1339925080537796,0.41136088967323303,1.0637606382369995,-3.747878188387707,0.18306792885865833,-0.3204558805824849
0.47000000000000003,-0.7110894322395325,0.006839975714683533,0.3924413323402405,-0.020503971725702286,0.9316710829734802,0.13921937346458435,0.4004819095134735,1.0621017217636108,-3.747878188387707,0.18306792885865833,-0.3204558805824849
0.48,-0.7312368154525757,0.006871059536933899,0.4082690477371216,-0.020649176090955734,0.9351359605789185,0.14596723020076752,0.3888901174068451,1.0596063137054443,-3.747878188387707,0.18306792885865833,-0.3204558805824849
0.49,-0.7530839443206787,0.008093748241662979,0.4269499182701111,-0.023148540407419205,0.9398602247238159,0.15566451847553253,0.37704771757125854,1.057389736175537,-3.747878188387707,0.18306792885865833,-0.3204558805824849
0.0,-0.18175581097602844,-0.03115813061594963,-0.06257214397192001,-0.025319110602140427,0.8728545904159546,0.05801556631922722,0.7347331643104553,0.012177504599094391,-2.874134164392007,0.06829544367085924,-0.3100582459153842
0.01,-0.034313902258872986,-0.07687439024448395,0.04856636002659798,-0.1550762802362442,0.6248896718025208,-0.10439330339431763,0.6855008602142334,0.15700563788414001,-2.874134164392007,0.06829544367085924,-0.3100582459153842
0.02,-0.13149955868721008,-0.10833651572465897,-0.051297448575496674,-0.046812888234853745,0.6848309636116028,0.017428873106837273,0.6095640659332275,0.45219549536705017,-2.874134164392007,0.06829544367085924,-0.3100582459153842
0.03,-0.2267114222049713,0.0053239017724990845,-0.05099989473819733,-0.18720711767673492,0.7964606881141663,0.07233990728855133,0.7458139657974243,1.1341017484664917,-2.874134164392007,0.06829544367085924,-0.3100582459153842
0.04,-0.119618721306324,-0.022304952144622803,0.017854047939181328,-0.13518400490283966,0.5478307008743286,0.2608155906200409,0.705540657043457,0.9534099698066711,-2.874134164392007,0.06829544367085924,-0.3100582459153842
0.05,-0.25696444511413574,0.025921300053596497,0.04148383438587189,-0.22465942800045013,0.7025536894798279,0.33113521337509155,0.607795774936676,0.8841651082038879,-2.874134164392007,0.06829544367085924,-0.3100582459153842
0.06,-0.19213294982910156,-0.009509969502687454,-0.006212059408426285,-0.1857556253671646,0.6643598079681396,0.29218465089797974,0.6390989422798157,0.964264452457428,-2.874134164392007,0.06829544367085924,-0.3100582459153842
0.07,-0.2465142011642456,0.0195540189743042,0.05920404940843582,-0.18978936970233917,0.6800919771194458,0.3236813545227051,0.6424838304519653,0.9538997411727905,-2.874134164392007,0.06829544367085924,-0.3100582459153842
0.08,-0.22935542464256287,0.0053688958287239075,0.028158437460660934,-0.19376708567142487,0.6848319172859192,0.3046078681945801,0.6198104023933411,0.9440287947654724,-2.874134164392007,0.06829544367085924,-0.3100582459153842
0.09,-0.2507684826850891,0.009416591376066208,0.0551871657371521,-0.1795351654291153,0.6852100491523743,0.3076837658882141,0.626761794090271,0.9551258683204651,-2.874134164392007,0.06829544367085924,-0.3100582459153842
0.1,-0.25818076729774475,0.012626774609088898,0.051263365894556046,-0.18452008068561554,0.6981759667396545,0.3010386526584625,0.615231990814209,0.9575104713439941,-2.874134164392007,0.06829544367085924,-0.3100582459153842
0.11,-0.2632751762866974,0.008982084691524506,0.0589572936296463,-0.17385335266590118,0.6953096985816956,0.2934514284133911,0.6154230237007141,0.9624983668327332,-2.874134164392007,0.06829544367085924,-0.3100582459153842
0.12,-0.2773303985595703,0.012606766074895859,0.0667792558670044,-0.17405204474925995,0.7057748436927795,0.29184892773628235,0.6085707545280457,0.9650997519493103,-2.874134164392007,0.06829544367085924,-0.3100582459153842
0.13,-0.28357043862342834,0.011865150183439255,0.07046777755022049,-0.16863484680652618,0.7085537314414978,0.28445911407470703,0.6049776673316956,0.9710564613342285,-2.874134164392007,0.06829544367085924,-0.3100582459153842
0.14,-0.29462873935699463,0.012915559113025665,0.07849293202161789,-0.16549156606197357,0.7147387862205505,0.2802826762199402,0.6008635759353638,0.9744965434074402,-2.874134164392007,0.06829544367085924,-0.3100582459153842
0.15,-0.3034144937992096,0.013618312776088715,0.083354651927948,-0.162556454539299,0.7201701998710632,0.2746448516845703,0.5962418913841248,0.9794439673423767,-2.874134164392007,0.06829544367085924,-0.3100582459153842
0.16,-0.3126276433467865,0.013962190598249435,0.08976408839225769,-0.15859989821910858,0.7248764634132385,0.26940375566482544,0.5923427939414978,0.9836903214454651,-2.874134164392007,0.06829544367085924,-0.3100582459153842
0.17,-0.3221701681613922,0.014701366424560547,0.09560400247573853,-0.15571953356266022,0.7305625081062317,0.26427334547042847,0.5878782272338867,0.9882358908653259,-2.874134164392007,0.06829544367085924,-0.3100582459153842
0.18,-0.3312378227710724,0.015112366527318954,0.1015283390879631,-0.15219958126544952,0.7354165315628052,0.25906968116760254,0.5836867094039917,0.9921445846557617,-2.874134164392007,0.06829544367085924,-0.3100582459153842
0.19,-0.3404761850833893,0.015287339687347412,0.10748264938592911,-0.1490970104932785,0.7406191825866699,0.2541809678077698,0.5790460705757141,0.9944934248924255,-2.874134164392007,0.06829544367085924,-0.3100582459153842
0.2,-0.3496365249156952,0.015530675649642944,0.11334007978439331,-0.14600378274917603,0.7457370758056641,0.24933551251888275,0.5743407011032104,0.9969093203544617,-2.874134164392007,0.06829544367085924,-0.3100582459153842
0.21,-0.35877758264541626,0.015725433826446533,0.11934419721364975,-0.1428874284029007,0.7507789731025696,0.2445395141839981,0.5696537494659424,0.9991044402122498,-2.874134164392007,0.06829544367085924,-0.3100582459153842
0.22,-0.3679102957248688,0.01594853773713112,0.1254478394985199,-0.13996051251888275,0.7557836174964905,0.23986636102199554,0.5649153590202332,1.0010502338409424,-2.874134164392007,0.06829544367085924,-0.3100582459153842
0.23,-0.37696942687034607,0.016202837228775024,0.13156656920909882,-0.13710634410381317,0.7606589198112488,0.23523209989070892,0.5602136254310608,1.0025665760040283,-2.874134164392007,0.06829544367085924,-0.3100582459153842
0.24,-0.38633430004119873,0.016454830765724182,0.1378834843635559,-0.13425759971141815,0.765522301197052,0.23022782802581787,0.555950939655304,1.0050441026687622,-2.874134164392007,0.06829544367085924,-0.3100582459153842
0.25,-0.3955095112323761,0.01655019074678421,0.1444130390882492,-0.1315416544675827,0.770469069480896,0.2254757285118103,0.5516076683998108,1.0068583488464355,-2.874134164392007,0.06829544367085924,-0.3100582459153842
0.26,-0.4043745696544647,0.01652279496192932,0.1507781445980072,-0.1289169043302536,0.7762064337730408,0.22054535150527954,0.5477943420410156,1.0085370540618896,-2.874134164392007,0.06829544367085924,-0.3100582459153842
0.27,-0.4148889183998108,0.016183681786060333,0.15845143795013428,-0.12646590173244476,0.7822893261909485,0.21545231342315674,0.5439848899841309,1.0105617046356201,-2.874134164392007,0.06829544367085924,-0.3100582459153842
0.28,-0.42590418457984924,0.0163886621594429,0.16739514470100403,-0.12383432686328888,0.7878426909446716,0.21136702597141266,0.5389917492866516,1.010623574256897,-2.874134164392007,0.06829544367085924,-0.3100582459153842
0.29,-0.4374239146709442,0.01671794056892395,0.1775575578212738,-0.11988629400730133,0.792675256729126,0.20709651708602905,0.5326020121574402,1.0089491605758667,-2.874134164392007,0.06829544367085924,-0.3100582459153842
0.3,-0.4502818286418915,0.016858402639627457,0.18803930282592773,-0.11566455662250519,0.7987131476402283,0.20163410902023315,0.5255701541900635,1.008020281791687,-2.874134164392007,0.06829544367085924,-0.3100582459153842
0.31,-0.46338725090026855,0.015634723007678986,0.19914135336875916,-0.11130677163600922,0.8034629821777344,0.19655866920948029,0.5184370279312134,1.0055147409439087,-2.874134164392007,0.06829544367085924,-0.3100582459153842
0.32,-0.4784890115261078,0.015170663595199585,0.21168193221092224,-0.10767592489719391,0.8100923895835876,0.19353440403938293,0.5107981562614441,1.004101276397705,-2.874134164392007,0.06829544367085924,-0.3100582459153842
0.33,-0.4935481548309326,0.014737043529748917,0.22449827194213867,-0.10415865480899811,0.8163724541664124,0.19108319282531738,0.50327467918396,1.002208948135376,-2.874134164392007,0.06829544367085924,-0.3100582459153842
0.34,-0.5092399716377258,0.014986950904130936,0.2375323474407196,-0.10104036331176758,0.8228936791419983,0.18896280229091644,0.4948035180568695,1.0005910396575928,-2.874134164392007,0.06829544367085924,-0.3100582459153842
0.35000000000000003,-0.5255764126777649,0.014664024114608765,0.2514318823814392,-0.09692490100860596,0.828860878944397,0.18564040958881378,0.4859359562397003,0.9990985989570618,-2.874134164392007,0.06829544367085924,-0.3100582459153842
0.36,-0.5435478091239929,0.014330659061670303,0.26582619547843933,-0.0927717387676239,0.8351953029632568,0.18180929124355316,0.4759250581264496,0.9981310367584229,-2.874134164392007,0.06829544367085924,-0.3100582459153842
0.37,-0.563094437122345,0.01399301365017891,0.2806856036186218,-0.08712173998355865,0.8412154912948608,0.1775912493467331,0.4656178653240204,0.9970113635063171,-2.874134164392007,0.06829544367085924,-0.3100582459153842
0.38,-0.5829931497573853,0.013487186282873154,0.295329749584198,-0.08146192133426666,0.8475238084793091,0.17179232835769653,0.4555186629295349,0.9971182346343994,-2.874134164392007,0.06829544367085924,-0.3100582459153842
0.39,-0.6017247438430786,0.012224450707435608,0.30873554944992065,-0.07633297145366669,0.8524706363677979,0.16573871672153473,0.4445653259754181,0.9960636496543884,-2.874134164392007,0.06829544367085924,-0.3100582459153842
0.4,-0.6227635145187378,0.010751515626907349,0.32370519638061523,-0.07095830142498016,0.8582719564437866,0.16066743433475494,0.43318870663642883,0.9963191151618958,-2.874134164392007,0.06829544367085924,-0.3100582459153842
0.41000000000000003,-0.6470749974250793,0.01031959056854248,0.341084748506546,-0.06686417758464813,0.8657969832420349,0.15730230510234833,0.4212837517261505,0.9962092041969299,-2.874134164392007,0.06829544367085924,-0.3100582459153842
0.42,-0.6716549396514893,0.008846741169691086,0.3597329258918762,-0.06351254880428314,0.8736476302146912,0.15617717802524567,0.40873631834983826,0.9913901686668396,-2.874134164392007,0.06829544367085924,-0.3100582459153842
0.43,-0.6930731534957886,0.007321015000343323,0.37629276514053345,-0.06386847794055939,0.8785364031791687,0.15777656435966492,0.39593029022216797,0.9895026087760925,-2.874134164392007,0.06829544367085924,-0.3100582459153842
0.44,-0.7114675641059875,0.007216803729534149,0.388860285282135,-0.062123652547597885,0.8821684718132019,0.16418373584747314,0.38479238748550415,0.9876297116279602,-2.874134164392007,0.06829544367085924,-0.3100582459153842
0.45,-0.7294802069664001,0.008938532322645187,0.402099609375,-0.06018571928143501,0.8883426189422607,0.16910922527313232,0.37726157903671265,0.9922469854354858,-2.874134164392007,0.06829544367085924,-0.3100582459153842
0.46,-0.7427223920822144,0.00887301191687584,0.4122031331062317,-0.05967729166150093,0.8917900323867798,0.1720304638147354,0.3698170781135559,0.9930238127708435,-2.874134164392007,0.06829544367085924,-0.3100582459153842
0.47000000000000003,-0.7564730644226074,0.008607309311628342,0.42304152250289917,-0.059225600212812424,0.8946630358695984,0.1756199598312378,0.3625004291534424,0.9936215281486511,-2.874134164392007,0.06829544367085924,-0.3100582459153842
0.48,-0.7682278752326965,0.008927211165428162,0.43235260248184204,-0.059919510036706924,0.8970709443092346,0.18042249977588654,0.35642102360725403,0.9939751029014587,-2.874134164392007,0.06829544367085924,-0.3100582459153842
0.49,-0.7770503759384155,0.010018572211265564,0.43981748819351196,-0.059349533170461655,0.8999058604240417,0.18518401682376862,0.3514866530895233,0.9941430687904358,-2.874134164392007,0.06829544367085924,-0.3100582459153842
